0 0.7468039772727273 0.23942307692307693 0.019176136363636364 0.025
0 0.5102982954545454 0.25817307692307695 0.017045454545454544 0.022115384615384617
0 0.7443181818181818 0.5528846153846154 0.017045454545454544 0.023076923076923078
0 0.7585227272727273 0.16826923076923078 0.017045454545454544 0.023076923076923078
0 0.4833096590909091 0.5048076923076923 0.019176136363636364 0.025961538461538463
0 0.5909090909090909 0.2552884615384615 0.018465909090909092 0.025
0 0.5969460227272727 0.2980769230769231 0.017045454545454544 0.02403846153846154
0 0.73046875 0.5894230769230769 0.017045454545454544 0.022115384615384617
0 0.9595170454545454 0.5927884615384615 0.019176136363636364 0.02403846153846154
0 0.9225852272727273 0.76875 0.016335227272727272 0.02403846153846154
0 0.8220880681818182 0.42596153846153845 0.01775568181818182 0.026923076923076925
0 0.9158380681818182 0.5543269230769231 0.019176136363636364 0.025961538461538463
0 0.9904119318181818 0.6466346153846154 0.01775568181818182 0.025
0 0.6612215909090909 0.20528846153846153 0.01775568181818182 0.023076923076923078
0 0.6317471590909091 0.5682692307692307 0.015625 0.021153846153846155
0 0.7911931818181818 0.6451923076923077 0.02130681818181818 0.03076923076923077
0 0.4446022727272727 0.35865384615384616 0.0234375 0.025961538461538463
0 0.5870028409090909 0.7245192307692307 0.01775568181818182 0.026923076923076925
0 0.9698153409090909 0.6302884615384615 0.019176136363636364 0.025961538461538463
0 0.9229403409090909 0.6822115384615385 0.016335227272727272 0.02403846153846154
0 0.4453125 0.7413461538461539 0.018465909090909092 0.02403846153846154
0 0.8547585227272727 0.86875 0.016335227272727272 0.023076923076923078
0 0.5316051136363636 0.6956730769230769 0.01775568181818182 0.025
0 0.7581676136363636 0.6721153846153847 0.019176136363636364 0.025
0 0.9154829545454546 0.39471153846153845 0.01775568181818182 0.025961538461538463
0 0.08451704545454546 0.1485576923076923 0.018465909090909092 0.025
0 0.7034801136363636 0.44375 0.017045454545454544 0.022115384615384617
0 0.7702414772727273 0.8591346153846153 0.019886363636363636 0.025961538461538463
0 0.3171164772727273 0.1658653846153846 0.019176136363636364 0.025961538461538463
0 0.6981534090909091 0.5596153846153846 0.016335227272727272 0.022115384615384617
1 0.35298295454545453 0.7716346153846154 0.01775568181818182 0.021153846153846155
0 0.5777698863636364 0.10432692307692308 0.020596590909090908 0.026923076923076925
0 0.6438210227272727 0.3875 0.017045454545454544 0.02403846153846154
0 0.17045454545454544 0.4235576923076923 0.019886363636363636 0.025961538461538463
0 0.5674715909090909 0.2567307692307692 0.018465909090909092 0.02403846153846154
0 0.1573153409090909 0.6379807692307692 0.016335227272727272 0.022115384615384617
0 0.7038352272727273 0.48365384615384616 0.018465909090909092 0.02403846153846154
0 0.5088778409090909 0.8745192307692308 0.01775568181818182 0.02403846153846154
0 0.2958096590909091 0.15625 0.01775568181818182 0.023076923076923078
0 0.2624289772727273 0.58125 0.016335227272727272 0.022115384615384617
0 0.8934659090909091 0.7480769230769231 0.016335227272727272 0.022115384615384617
0 0.5063920454545454 0.28942307692307695 0.017045454545454544 0.022115384615384617
0 0.8590198863636364 0.22596153846153846 0.016335227272727272 0.02403846153846154
0 0.6963778409090909 0.24375 0.019176136363636364 0.025961538461538463
0 0.6693892045454546 0.5288461538461539 0.019176136363636364 0.025961538461538463
0 0.9019886363636364 0.7240384615384615 0.016335227272727272 0.020192307692307693
0 0.5770596590909091 0.3423076923076923 0.017045454545454544 0.023076923076923078
0 0.3181818181818182 0.9697115384615385 0.018465909090909092 0.025
0 0.7592329545454546 0.5485576923076924 0.017045454545454544 0.02403846153846154
0 0.08238636363636363 0.6576923076923077 0.019886363636363636 0.02403846153846154
0 0.6257102272727273 0.18125 0.016335227272727272 0.023076923076923078
0 0.47798295454545453 0.10576923076923077 0.019176136363636364 0.025961538461538463
0 0.2897727272727273 0.9471153846153846 0.019886363636363636 0.026923076923076925
0 0.9847301136363636 0.7230769230769231 0.019176136363636364 0.025
0 0.4385653409090909 0.14903846153846154 0.020596590909090908 0.025961538461538463
0 0.7194602272727273 0.1076923076923077 0.019176136363636364 0.02403846153846154
0 0.056818181818181816 0.05096153846153846 0.018465909090909092 0.022115384615384617
0 0.8096590909090909 0.50625 0.022017045454545456 0.025
0 0.9467329545454546 0.6269230769230769 0.018465909090909092 0.025
0 0.04367897727272727 0.8096153846153846 0.01775568181818182 0.026923076923076925
0 0.6377840909090909 0.2918269230769231 0.017045454545454544 0.023076923076923078
0 0.5770596590909091 0.2153846153846154 0.01775568181818182 0.025
0 0.9580965909090909 0.8067307692307693 0.015625 0.022115384615384617
0 0.5600142045454546 0.20432692307692307 0.01775568181818182 0.02403846153846154
0 0.7294034090909091 0.24807692307692308 0.018465909090909092 0.02403846153846154
0 0.8551136363636364 0.948076923076923 0.019176136363636364 0.02403846153846154
0 0.5955255681818182 0.58125 0.016335227272727272 0.02403846153846154
0 0.28160511363636365 0.64375 0.01775568181818182 0.026923076923076925
0 0.3338068181818182 0.5442307692307692 0.020596590909090908 0.028846153846153848
0 0.8057528409090909 0.42932692307692305 0.019176136363636364 0.026923076923076925
0 0.5550426136363636 0.06201923076923077 0.019886363636363636 0.025
0 0.4541903409090909 0.6908653846153846 0.017045454545454544 0.02403846153846154
0 0.19176136363636365 0.9504807692307692 0.018465909090909092 0.025
0 0.7578125 0.38125 0.017045454545454544 0.021153846153846155
0 0.48473011363636365 0.020192307692307693 0.019176136363636364 0.025961538461538463
0 0.9083806818181818 0.6899038461538461 0.017045454545454544 0.023076923076923078
0 0.6857244318181818 0.8725961538461539 0.01775568181818182 0.023076923076923078
0 0.06569602272727272 0.8567307692307692 0.01775568181818182 0.02403846153846154
0 0.25923295454545453 0.5139423076923076 0.018465909090909092 0.02403846153846154
0 0.34765625 0.49278846153846156 0.01775568181818182 0.025961538461538463
0 0.05149147727272727 0.7408653846153846 0.018465909090909092 0.02403846153846154
0 0.9712357954545454 0.4514423076923077 0.01775568181818182 0.02403846153846154
0 0.3572443181818182 0.6360576923076923 0.01775568181818182 0.023076923076923078
0 0.6147017045454546 0.14086538461538461 0.01775568181818182 0.022115384615384617
0 0.3547585227272727 0.4576923076923077 0.020596590909090908 0.025
0 0.3671875 0.36490384615384613 0.020596590909090908 0.025961538461538463
0 0.5252130681818182 0.9427884615384615 0.018465909090909092 0.023076923076923078
0 0.23650568181818182 0.91875 0.019176136363636364 0.02403846153846154
0 0.2120028409090909 0.7673076923076924 0.017045454545454544 0.025
0 0.8270596590909091 0.6879807692307692 0.017045454545454544 0.023076923076923078
0 0.8583096590909091 0.6134615384615385 0.016335227272727272 0.022115384615384617
0 0.6665482954545454 0.31298076923076923 0.017045454545454544 0.02403846153846154
0 0.5280539772727273 0.18173076923076922 0.017045454545454544 0.022115384615384617
0 0.20916193181818182 0.2701923076923077 0.017045454545454544 0.022115384615384617
0 0.8153409090909091 0.4716346153846154 0.017045454545454544 0.02403846153846154
0 0.4190340909090909 0.1778846153846154 0.018465909090909092 0.025
0 0.8661221590909091 0.3471153846153846 0.01775568181818182 0.02403846153846154
0 0.7936789772727273 0.29375 0.018465909090909092 0.02403846153846154
0 0.3299005681818182 0.4846153846153846 0.01775568181818182 0.023076923076923078
0 0.3419744318181818 0.9019230769230769 0.01775568181818182 0.025
0 0.15305397727272727 0.3346153846153846 0.018465909090909092 0.023076923076923078
0 0.8508522727272727 0.56875 0.019886363636363636 0.027884615384615386
0 0.5127840909090909 0.9125 0.018465909090909092 0.025
0 0.7265625 0.7634615384615384 0.01775568181818182 0.023076923076923078
0 0.21661931818181818 0.2466346153846154 0.017045454545454544 0.022115384615384617
0 0.10688920454545454 0.10528846153846154 0.020596590909090908 0.025961538461538463
0 0.7176846590909091 0.35192307692307695 0.01775568181818182 0.023076923076923078
0 0.5497159090909091 0.9331730769230769 0.018465909090909092 0.02403846153846154
0 0.08096590909090909 0.5567307692307693 0.018465909090909092 0.025
0 0.03586647727272727 0.8480769230769231 0.019886363636363636 0.025961538461538463
0 0.7642045454545454 0.10480769230769231 0.017045454545454544 0.022115384615384617
0 0.8174715909090909 0.5846153846153846 0.01775568181818182 0.026923076923076925
0 0.6029829545454546 0.05 0.019176136363636364 0.025961538461538463
0 0.6750710227272727 0.11778846153846154 0.019886363636363636 0.02980769230769231
0 0.24076704545454544 0.5307692307692308 0.017045454545454544 0.023076923076923078
0 0.4591619318181818 0.8879807692307692 0.018465909090909092 0.023076923076923078
0 0.12215909090909091 0.9543269230769231 0.019176136363636364 0.026923076923076925
0 0.22088068181818182 0.49951923076923077 0.019176136363636364 0.028846153846153848
0 0.17258522727272727 0.14038461538461539 0.020596590909090908 0.025961538461538463
0 0.6889204545454546 0.15048076923076922 0.01775568181818182 0.025
0 0.7166193181818182 0.7129807692307693 0.019176136363636364 0.02403846153846154
0 0.31782670454545453 0.6399038461538461 0.019886363636363636 0.025961538461538463
0 0.8405539772727273 0.6783653846153846 0.01775568181818182 0.026923076923076925
0 0.8668323863636364 0.6336538461538461 0.019886363636363636 0.025961538461538463
0 0.5095880681818182 0.4721153846153846 0.01775568181818182 0.023076923076923078
0 0.8806818181818182 0.5581730769230769 0.01775568181818182 0.022115384615384617
0 0.45276988636363635 0.225 0.019176136363636364 0.02403846153846154
0 0.8125 0.15817307692307692 0.019886363636363636 0.025961538461538463
0 0.8068181818181818 0.9 0.018465909090909092 0.02403846153846154
0 0.8213778409090909 0.5293269230769231 0.017045454545454544 0.022115384615384617
0 0.3220880681818182 0.854326923076923 0.019886363636363636 0.025
0 0.3025568181818182 0.7557692307692307 0.019176136363636364 0.025961538461538463
0 0.3572443181818182 0.12163461538461538 0.020596590909090908 0.027884615384615386
0 0.4794034090909091 0.90625 0.019176136363636364 0.027884615384615386
0 0.7823153409090909 0.676923076923077 0.018465909090909092 0.02403846153846154
0 0.31782670454545453 0.4081730769230769 0.024857954545454544 0.026923076923076925
0 0.43607954545454547 0.3038461538461538 0.019176136363636364 0.027884615384615386
0 0.7318892045454546 0.09326923076923077 0.019176136363636364 0.025
0 0.2901278409090909 0.5394230769230769 0.019886363636363636 0.028846153846153848
0 0.9666193181818182 0.04326923076923077 0.019886363636363636 0.025961538461538463
0 0.030539772727272728 0.8831730769230769 0.01775568181818182 0.025
0 0.5035511363636364 0.3153846153846154 0.017045454545454544 0.025
0 0.38636363636363635 0.09903846153846153 0.0234375 0.027884615384615386
0 0.36967329545454547 0.7418269230769231 0.02130681818181818 0.025
0 0.33984375 0.5168269230769231 0.01775568181818182 0.02403846153846154
0 0.2734375 0.29134615384615387 0.016335227272727272 0.023076923076923078
0 0.42933238636363635 0.07884615384615384 0.01775568181818182 0.027884615384615386
0 0.78515625 0.5586538461538462 0.019176136363636364 0.026923076923076925
1 0.4932528409090909 0.18269230769230768 0.016335227272727272 0.023076923076923078
0 0.7517755681818182 0.9701923076923077 0.020596590909090908 0.026923076923076925
0 0.3838778409090909 0.9326923076923077 0.020596590909090908 0.028846153846153848
1 0.23259943181818182 0.2971153846153846 0.018465909090909092 0.02403846153846154
0 0.026278409090909092 0.8 0.01775568181818182 0.023076923076923078
0 0.9133522727272727 0.7091346153846154 0.016335227272727272 0.023076923076923078
0 0.24183238636363635 0.9399038461538461 0.019176136363636364 0.025
0 0.3966619318181818 0.68125 0.01775568181818182 0.023076923076923078
0 0.3916903409090909 0.8317307692307693 0.018465909090909092 0.02403846153846154
1 0.3955965909090909 0.7384615384615385 0.020596590909090908 0.026923076923076925
0 0.21306818181818182 0.666826923076923 0.017045454545454544 0.023076923076923078
0 0.5777698863636364 0.9254807692307693 0.01775568181818182 0.025
0 0.09872159090909091 0.8341346153846154 0.01775568181818182 0.023076923076923078
1 0.07208806818181818 0.20528846153846153 0.019176136363636364 0.023076923076923078
0 0.06782670454545454 0.02403846153846154 0.017045454545454544 0.02403846153846154
0 0.6033380681818182 0.9096153846153846 0.01775568181818182 0.025961538461538463
0 0.9002130681818182 0.36538461538461536 0.018465909090909092 0.023076923076923078
0 0.6438210227272727 0.014903846153846155 0.018465909090909092 0.025961538461538463
0 0.07883522727272728 0.6125 0.019176136363636364 0.027884615384615386
0 0.16193181818181818 0.9572115384615385 0.020596590909090908 0.027884615384615386
0 0.265625 0.9254807692307693 0.018465909090909092 0.025961538461538463
0 0.671875 0.7850961538461538 0.019176136363636364 0.026923076923076925
1 0.7322443181818182 0.8206730769230769 0.018465909090909092 0.02403846153846154
0 0.3259943181818182 0.1908653846153846 0.01775568181818182 0.02403846153846154
0 0.6388494318181818 0.26153846153846155 0.019176136363636364 0.025
0 0.6147017045454546 0.9355769230769231 0.019886363636363636 0.027884615384615386
0 0.8149857954545454 0.3466346153846154 0.020596590909090908 0.025961538461538463
0 0.9655539772727273 0.49038461538461536 0.016335227272727272 0.021153846153846155
0 0.8735795454545454 0.9432692307692307 0.016335227272727272 0.022115384615384617
0 0.2450284090909091 0.8745192307692308 0.02130681818181818 0.025
0 0.19673295454545456 0.9288461538461539 0.01775568181818182 0.023076923076923078
0 0.33984375 0.10865384615384616 0.019886363636363636 0.025
0 0.3068181818181818 0.7961538461538461 0.020596590909090908 0.025
0 0.4904119318181818 0.3230769230769231 0.016335227272727272 0.022115384615384617
0 0.9019886363636364 0.12596153846153846 0.01775568181818182 0.022115384615384617
0 0.5237926136363636 0.5230769230769231 0.019886363636363636 0.026923076923076925
0 0.37890625 0.7894230769230769 0.020596590909090908 0.02980769230769231
0 0.3650568181818182 0.8288461538461539 0.019176136363636364 0.025961538461538463
0 0.3025568181818182 0.9057692307692308 0.018465909090909092 0.025
0 0.7017045454545454 0.7711538461538462 0.017045454545454544 0.026923076923076925
0 0.36470170454545453 0.6576923076923077 0.018465909090909092 0.025
0 0.6772017045454546 0.6764423076923077 0.019176136363636364 0.025
0 0.7521306818181818 0.11971153846153847 0.019176136363636364 0.025
0 0.5305397727272727 0.7725961538461539 0.018465909090909092 0.025961538461538463
0 0.18821022727272727 0.3346153846153846 0.02130681818181818 0.02980769230769231
0 0.21022727272727273 0.3860576923076923 0.024857954545454544 0.028846153846153848
0 0.28160511363636365 0.19951923076923078 0.017045454545454544 0.02403846153846154
0 0.828125 0.475 0.015625 0.021153846153846155
0 0.9016335227272727 0.5826923076923077 0.019176136363636364 0.025
0 0.46235795454545453 0.18653846153846154 0.019176136363636364 0.027884615384615386
0 0.5209517045454546 0.7490384615384615 0.015625 0.023076923076923078
0 0.859375 0.4408653846153846 0.02130681818181818 0.02980769230769231
0 0.7958096590909091 0.23221153846153847 0.02130681818181818 0.028846153846153848
0 0.9016335227272727 0.8836538461538461 0.01775568181818182 0.023076923076923078
0 0.47230113636363635 0.4048076923076923 0.02130681818181818 0.028846153846153848
0 0.35973011363636365 0.5663461538461538 0.01775568181818182 0.023076923076923078
0 0.9264914772727273 0.6004807692307692 0.01775568181818182 0.022115384615384617
0 0.11789772727272728 0.6259615384615385 0.018465909090909092 0.025
0 0.5504261363636364 0.7221153846153846 0.016335227272727272 0.023076923076923078
0 0.20063920454545456 0.6442307692307693 0.017045454545454544 0.023076923076923078
0 0.2666903409090909 0.9533653846153847 0.018465909090909092 0.022115384615384617
0 0.9659090909090909 0.3975961538461538 0.019176136363636364 0.025961538461538463
0 0.045454545454545456 0.16490384615384615 0.01775568181818182 0.02403846153846154
0 0.01455965909090909 0.8278846153846153 0.019176136363636364 0.027884615384615386
0 0.88671875 0.6413461538461539 0.017045454545454544 0.022115384615384617
0 0.14701704545454544 0.26346153846153847 0.016335227272727272 0.022115384615384617
0 0.53125 0.8004807692307693 0.01775568181818182 0.026923076923076925
0 0.5845170454545454 0.4403846153846154 0.019886363636363636 0.022115384615384617
0 0.1768465909090909 0.4658653846153846 0.01775568181818182 0.025
1 0.3103693181818182 0.4600961538461538 0.018465909090909092 0.025961538461538463
0 0.14204545454545456 0.7846153846153846 0.020596590909090908 0.026923076923076925
0 0.28941761363636365 0.45240384615384616 0.019886363636363636 0.026923076923076925
0 0.3107244318181818 0.3125 0.017045454545454544 0.025961538461538463
0 0.030894886363636364 0.44519230769230766 0.019176136363636364 0.025
0 0.7251420454545454 0.14951923076923077 0.018465909090909092 0.025
0 0.5646306818181818 0.1841346153846154 0.016335227272727272 0.023076923076923078
0 0.8458806818181818 0.4528846153846154 0.017045454545454544 0.023076923076923078
0 0.2713068181818182 0.37451923076923077 0.01775568181818182 0.02403846153846154
0 0.2567471590909091 0.6509615384615385 0.01775568181818182 0.025
1 0.7961647727272727 0.7389423076923077 0.01775568181818182 0.02403846153846154
0 0.8497869318181818 0.39134615384615384 0.019176136363636364 0.02403846153846154
0 0.2755681818181818 0.8144230769230769 0.018465909090909092 0.025
0 0.9744318181818182 0.23125 0.019886363636363636 0.027884615384615386
0 0.08522727272727272 0.3975961538461538 0.018465909090909092 0.02403846153846154
0 0.5628551136363636 0.08701923076923077 0.01775568181818182 0.023076923076923078
0 0.2020596590909091 0.3139423076923077 0.020596590909090908 0.027884615384615386
0 0.17897727272727273 0.9735576923076923 0.020596590909090908 0.027884615384615386
0 0.5177556818181818 0.3836538461538462 0.018465909090909092 0.027884615384615386
0 0.8132102272727273 0.05336538461538461 0.01775568181818182 0.023076923076923078
1 0.8487215909090909 0.5197115384615385 0.018465909090909092 0.025
0 0.4268465909090909 0.6663461538461538 0.019886363636363636 0.026923076923076925
0 0.3856534090909091 0.8759615384615385 0.019176136363636364 0.025
0 0.5941051136363636 0.14182692307692307 0.019886363636363636 0.023076923076923078
0 0.9044744318181818 0.17740384615384616 0.017045454545454544 0.022115384615384617
0 0.07350852272727272 0.9605769230769231 0.01775568181818182 0.02403846153846154
0 0.03622159090909091 0.6817307692307693 0.022727272727272728 0.028846153846153848
0 0.7837357954545454 0.6985576923076923 0.018465909090909092 0.02403846153846154
0 0.2702414772727273 0.21057692307692308 0.017045454545454544 0.023076923076923078
0 0.7674005681818182 0.7125 0.020596590909090908 0.025961538461538463
0 0.8156960227272727 0.91875 0.020596590909090908 0.025
0 0.1416903409090909 0.7043269230769231 0.017045454545454544 0.023076923076923078
0 0.14453125 0.3548076923076923 0.017045454545454544 0.023076923076923078
0 0.8036221590909091 0.20961538461538462 0.018465909090909092 0.02403846153846154
0 0.3895596590909091 0.8557692307692307 0.01775568181818182 0.023076923076923078
0 0.6374289772727273 0.4879807692307692 0.019176136363636364 0.026923076923076925
0 0.4953835227272727 0.7548076923076923 0.01775568181818182 0.025
0 0.3142755681818182 0.8865384615384615 0.01775568181818182 0.02403846153846154
0 0.5458096590909091 0.48125 0.017045454545454544 0.023076923076923078
0 0.2979403409090909 0.21201923076923077 0.017045454545454544 0.025
0 0.2517755681818182 0.7206730769230769 0.018465909090909092 0.02403846153846154
0 0.203125 0.8668269230769231 0.018465909090909092 0.025961538461538463
0 0.7404119318181818 0.68125 0.01775568181818182 0.02403846153846154
0 0.18146306818181818 0.8144230769230769 0.022727272727272728 0.03076923076923077
0 0.5774147727272727 0.17403846153846153 0.018465909090909092 0.025
0 0.8796164772727273 0.28173076923076923 0.017045454545454544 0.03173076923076923
1 0.0703125 0.7783653846153846 0.019886363636363636 0.025
0 0.14701704545454544 0.06826923076923076 0.02556818181818182 0.025
0 0.1629971590909091 0.2625 0.017045454545454544 0.025
0 0.33735795454545453 0.8139423076923077 0.019176136363636364 0.025961538461538463
0 0.02734375 0.028365384615384615 0.019176136363636364 0.027884615384615386
0 0.8132102272727273 0.020673076923076922 0.015625 0.022115384615384617
0 0.4460227272727273 0.78125 0.019886363636363636 0.025961538461538463
1 0.74609375 0.43125 0.017045454545454544 0.022115384615384617
0 0.26811079545454547 0.07163461538461538 0.020596590909090908 0.026923076923076925
0 0.3117897727272727 0.021634615384615384 0.017045454545454544 0.023076923076923078
0 0.01775568181818182 0.5081730769230769 0.019886363636363636 0.025
0 0.5344460227272727 0.7471153846153846 0.018465909090909092 0.027884615384615386
0 0.6374289772727273 0.9326923076923077 0.018465909090909092 0.02980769230769231
1 0.9037642045454546 0.30240384615384613 0.019176136363636364 0.025961538461538463
0 0.9818892045454546 0.4625 0.015625 0.022115384615384617
0 0.0390625 0.18798076923076923 0.019176136363636364 0.023076923076923078
0 0.7198153409090909 0.614423076923077 0.017045454545454544 0.023076923076923078
1 0.7702414772727273 0.7379807692307693 0.019176136363636364 0.023076923076923078
0 0.234375 0.7240384615384615 0.016335227272727272 0.022115384615384617
1 0.5703125 0.5394230769230769 0.017045454545454544 0.021153846153846155
1 0.98046875 0.7817307692307692 0.017045454545454544 0.021153846153846155
0 0.4921875 0.3923076923076923 0.016335227272727272 0.023076923076923078
0 0.4055397727272727 0.06634615384615385 0.01775568181818182 0.023076923076923078
0 0.5110085227272727 0.7091346153846154 0.019176136363636364 0.02403846153846154
0 0.13458806818181818 0.5456730769230769 0.017045454545454544 0.025
0 0.2489346590909091 0.760576923076923 0.020596590909090908 0.027884615384615386
0 0.25355113636363635 0.7995192307692308 0.01775568181818182 0.025961538461538463
0 0.2578125 0.09230769230769231 0.018465909090909092 0.02403846153846154
0 0.2294034090909091 0.8913461538461539 0.018465909090909092 0.026923076923076925
0 0.06285511363636363 0.15913461538461537 0.01775568181818182 0.02403846153846154
0 0.7752130681818182 0.9783653846153846 0.019886363636363636 0.028846153846153848
0 0.4509943181818182 0.95 0.018465909090909092 0.025961538461538463
1 0.6633522727272727 0.91875 0.01775568181818182 0.02403846153846154
0 0.5593039772727273 0.4754807692307692 0.017045454545454544 0.02403846153846154
0 0.80078125 0.8052884615384616 0.020596590909090908 0.027884615384615386
0 0.20454545454545456 0.9096153846153846 0.01775568181818182 0.023076923076923078
0 0.40767045454545453 0.7725961538461539 0.01775568181818182 0.022115384615384617
0 0.6669034090909091 0.9442307692307692 0.018465909090909092 0.02403846153846154
0 0.05433238636363636 0.37451923076923077 0.018465909090909092 0.02403846153846154
0 0.6164772727272727 0.40865384615384615 0.01775568181818182 0.025
0 0.5536221590909091 0.5855769230769231 0.017045454545454544 0.022115384615384617
0 0.8430397727272727 0.36201923076923076 0.019176136363636364 0.02403846153846154
0 0.7666903409090909 0.2644230769230769 0.016335227272727272 0.022115384615384617
0 0.3583096590909091 0.9326923076923077 0.019176136363636364 0.022115384615384617
0 0.6963778409090909 0.93125 0.01775568181818182 0.023076923076923078
0 0.7592329545454546 0.007211538461538462 0.018465909090909092 0.014423076923076924
1 0.4268465909090909 0.24471153846153845 0.016335227272727272 0.021153846153846155
1 0.10688920454545454 0.46634615384615385 0.019886363636363636 0.025
0 0.06676136363636363 0.81875 0.022017045454545456 0.032692307692307694
1 0.16761363636363635 0.03894230769230769 0.020596590909090908 0.022115384615384617
0 0.5205965909090909 0.8879807692307692 0.01775568181818182 0.025961538461538463
0 0.12322443181818182 0.5091346153846154 0.017045454545454544 0.022115384615384617
0 0.9705255681818182 0.09326923076923077 0.016335227272727272 0.022115384615384617
0 0.39488636363636365 0.03221153846153846 0.018465909090909092 0.025
1 0.41654829545454547 0.7197115384615385 0.016335227272727272 0.022115384615384617
0 0.2649147727272727 0.475 0.018465909090909092 0.025
0 0.5901988636363636 0.16201923076923078 0.017045454545454544 0.023076923076923078
0 0.40234375 0.49375 0.01775568181818182 0.023076923076923078
0 0.7247869318181818 0.9682692307692308 0.022017045454545456 0.025961538461538463
0 0.05894886363636364 0.9788461538461538 0.019886363636363636 0.026923076923076925
1 0.5262784090909091 0.026442307692307692 0.016335227272727272 0.021153846153846155
0 0.049360795454545456 0.35528846153846155 0.019176136363636364 0.02403846153846154
0 0.35546875 0.8822115384615384 0.01775568181818182 0.02403846153846154
0 0.8075284090909091 0.7168269230769231 0.017045454545454544 0.021153846153846155
0 0.9289772727272727 0.63125 0.018465909090909092 0.025
1 0.8156960227272727 0.22451923076923078 0.01775568181818182 0.02403846153846154
1 0.59765625 0.09615384615384616 0.017045454545454544 0.023076923076923078
0 0.15625 0.7173076923076923 0.018465909090909092 0.025
1 0.9343039772727273 0.9721153846153846 0.020596590909090908 0.025961538461538463
0 0.4499289772727273 0.3956730769230769 0.019886363636363636 0.025
0 0.5536221590909091 0.6019230769230769 0.01775568181818182 0.022115384615384617
0 0.7294034090909091 0.66875 0.01775568181818182 0.023076923076923078
0 0.011363636363636364 0.09903846153846153 0.020596590909090908 0.026923076923076925
0 0.12357954545454546 0.42115384615384616 0.018465909090909092 0.025
0 0.6363636363636364 0.9721153846153846 0.01775568181818182 0.023076923076923078
1 0.9399857954545454 0.5129807692307692 0.019176136363636364 0.027884615384615386
1 0.9133522727272727 0.2076923076923077 0.018465909090909092 0.026923076923076925
0 0.41015625 0.7509615384615385 0.017045454545454544 0.023076923076923078
0 0.1747159090909091 0.8620192307692308 0.022017045454545456 0.026923076923076925
0 0.8352272727272727 0.9759615384615384 0.017045454545454544 0.022115384615384617
0 0.44282670454545453 0.24615384615384617 0.018465909090909092 0.02403846153846154
0 0.053267045454545456 0.9115384615384615 0.019176136363636364 0.025
0 0.6892755681818182 0.3105769230769231 0.017045454545454544 0.022115384615384617
0 0.0859375 0.9442307692307692 0.019176136363636364 0.026923076923076925
0 0.82421875 0.20721153846153847 0.01775568181818182 0.02403846153846154
0 0.5557528409090909 0.5495192307692308 0.01775568181818182 0.023076923076923078
0 0.06605113636363637 0.35625 0.017045454545454544 0.02403846153846154
1 0.7684659090909091 0.7759615384615385 0.017045454545454544 0.022115384615384617
1 0.4151278409090909 0.5451923076923076 0.017045454545454544 0.023076923076923078
1 0.38671875 0.06634615384615385 0.018465909090909092 0.023076923076923078
0 0.10724431818181818 0.4894230769230769 0.019176136363636364 0.025961538461538463
0 0.7219460227272727 0.6879807692307692 0.01775568181818182 0.026923076923076925
0 0.5884232954545454 0.9033653846153846 0.01775568181818182 0.023076923076923078
0 0.1640625 0.6581730769230769 0.019176136363636364 0.02403846153846154
1 0.5962357954545454 0.39663461538461536 0.020596590909090908 0.03173076923076923
0 0.3742897727272727 0.9533653846153847 0.019176136363636364 0.026923076923076925
0 0.3366477272727273 0.44759615384615387 0.019176136363636364 0.026923076923076925
0 0.2109375 0.9706730769230769 0.019886363636363636 0.026923076923076925
0 0.02947443181818182 0.21490384615384617 0.017045454545454544 0.02403846153846154
0 0.4928977272727273 0.4125 0.019886363636363636 0.025
1 0.3487215909090909 0.8524038461538461 0.0234375 0.028846153846153848
0 0.3835227272727273 0.04519230769230769 0.018465909090909092 0.023076923076923078
0 0.019176136363636364 0.24278846153846154 0.018465909090909092 0.025
1 0.5340909090909091 0.3581730769230769 0.017045454545454544 0.023076923076923078
0 0.014204545454545454 0.8846153846153846 0.019176136363636364 0.026923076923076925
0 0.6516335227272727 0.9653846153846154 0.016335227272727272 0.022115384615384617
0 0.2940340909090909 0.6850961538461539 0.017045454545454544 0.022115384615384617
1 0.3977272727272727 0.98125 0.018465909090909092 0.025
0 0.9513494318181818 0.4932692307692308 0.016335227272727272 0.02403846153846154
0 0.6246448863636364 0.4706730769230769 0.017045454545454544 0.022115384615384617
0 0.0078125 0.3471153846153846 0.015625 0.025961538461538463
0 0.6065340909090909 0.9754807692307692 0.019176136363636364 0.02403846153846154
0 0.3689630681818182 0.8701923076923077 0.01775568181818182 0.02403846153846154
0 0.9595170454545454 0.2076923076923077 0.019176136363636364 0.025961538461538463
1 0.24147727272727273 0.8269230769230769 0.018465909090909092 0.025961538461538463
0 0.56640625 0.5677884615384615 0.019886363636363636 0.025961538461538463
1 0.4108664772727273 0.5129807692307692 0.017045454545454544 0.021153846153846155
0 0.515625 0.6177884615384616 0.018465909090909092 0.021153846153846155
1 0.8480113636363636 0.7269230769230769 0.013494318181818182 0.01730769230769231
0 0.3235085227272727 0.8038461538461539 0.017045454545454544 0.02403846153846154
0 0.31640625 0.4403846153846154 0.018465909090909092 0.02403846153846154
0 0.9477982954545454 0.3735576923076923 0.016335227272727272 0.021153846153846155
1 0.2549715909090909 0.8456730769230769 0.020596590909090908 0.02403846153846154
0 0.07315340909090909 0.7552884615384615 0.017045454545454544 0.023076923076923078
1 0.9861505681818182 0.4081730769230769 0.01775568181818182 0.023076923076923078
0 0.5291193181818182 0.20288461538461539 0.017045454545454544 0.022115384615384617
0 0.1629971590909091 0.9076923076923077 0.022727272727272728 0.03076923076923077
0 0.47407670454545453 0.7692307692307693 0.019176136363636364 0.025961538461538463
0 0.044744318181818184 0.6403846153846153 0.022727272727272728 0.03076923076923077
1 0.4630681818181818 0.7884615384615384 0.017045454545454544 0.022115384615384617
0 0.5916193181818182 0.6706730769230769 0.018465909090909092 0.025961538461538463
0 0.2571022727272727 0.96875 0.017045454545454544 0.023076923076923078
0 0.6928267045454546 0.011057692307692308 0.020596590909090908 0.022115384615384617
0 0.11612215909090909 0.5278846153846154 0.019176136363636364 0.027884615384615386
0 0.9460227272727273 0.19903846153846153 0.017045454545454544 0.023076923076923078
1 0.7183948863636364 0.9307692307692308 0.019176136363636364 0.025961538461538463
0 0.07919034090909091 0.34326923076923077 0.019886363636363636 0.025961538461538463
1 0.9584517045454546 0.13798076923076924 0.01775568181818182 0.02403846153846154
0 0.23828125 0.8033653846153846 0.016335227272727272 0.023076923076923078
0 0.01065340909090909 0.013461538461538462 0.019176136363636364 0.025
0 0.8029119318181818 0.009615384615384616 0.014914772727272728 0.019230769230769232
0 0.7805397727272727 0.7610576923076923 0.019886363636363636 0.022115384615384617
0 0.44957386363636365 0.9701923076923077 0.01775568181818182 0.022115384615384617
0 0.7748579545454546 0.2783653846153846 0.017045454545454544 0.020192307692307693
1 0.7517755681818182 0.7798076923076923 0.019176136363636364 0.02980769230769231
0 0.24183238636363635 0.9658653846153846 0.01775568181818182 0.02403846153846154
0 0.2858664772727273 0.7043269230769231 0.01775568181818182 0.02403846153846154
1 0.70703125 0.3014423076923077 0.019886363636363636 0.02403846153846154
0 0.35795454545454547 0.9692307692307692 0.01775568181818182 0.02403846153846154
0 0.21306818181818182 0.8918269230769231 0.017045454545454544 0.02403846153846154
1 0.09339488636363637 0.32740384615384616 0.020596590909090908 0.025961538461538463
0 0.017045454545454544 0.5317307692307692 0.018465909090909092 0.02403846153846154
1 0.9197443181818182 0.010576923076923078 0.016335227272727272 0.021153846153846155
0 0.9833096590909091 0.10384615384615385 0.019176136363636364 0.025
0 0.9019886363636364 0.9129807692307692 0.029829545454545456 0.03365384615384615
1 0.007102272727272727 0.7043269230769231 0.014204545454545454 0.025
0 0.6793323863636364 0.9278846153846154 0.017045454545454544 0.02403846153846154
0 0.703125 0.3235576923076923 0.01775568181818182 0.025961538461538463
0 0.42578125 0.5298076923076923 0.018465909090909092 0.026923076923076925
0 0.7286931818181818 0.9475961538461538 0.01775568181818182 0.023076923076923078
1 0.7056107954545454 0.6846153846153846 0.019886363636363636 0.028846153846153848
0 0.4225852272727273 0.7836538461538461 0.018465909090909092 0.026923076923076925
0 0.2979403409090909 0.6360576923076923 0.018465909090909092 0.023076923076923078
0 0.18892045454545456 0.8721153846153846 0.016335227272727272 0.02403846153846154
1 0.10333806818181818 0.5413461538461538 0.01775568181818182 0.025
0 0.8125 0.7355769230769231 0.01775568181818182 0.023076923076923078
0 0.375 0.9788461538461538 0.018465909090909092 0.02403846153846154
1 0.004971590909090909 0.5442307692307692 0.009943181818181818 0.021153846153846155
1 0.25142045454545453 0.48701923076923076 0.019176136363636364 0.025961538461538463
1 0.5017755681818182 0.6932692307692307 0.017045454545454544 0.022115384615384617
1 0.3845880681818182 0.6557692307692308 0.01775568181818182 0.022115384615384617
1 0.014914772727272728 0.22163461538461537 0.016335227272727272 0.021153846153846155
0 0.009943181818181818 0.0019230769230769232 0.018465909090909092 0.0038461538461538464
0 0.18110795454545456 0.8971153846153846 0.01775568181818182 0.02403846153846154
1 0.6196732954545454 0.4567307692307692 0.014204545454545454 0.01826923076923077
0 0.98046875 0.1596153846153846 0.017045454545454544 0.022115384615384617
0 0.17649147727272727 0.9274038461538462 0.018465909090909092 0.02403846153846154
1 0.9723011363636364 0.14326923076923076 0.015625 0.021153846153846155
1 0.22904829545454544 0.9817307692307692 0.019886363636363636 0.025961538461538463
0 0.7077414772727273 0.6019230769230769 0.019886363636363636 0.025
1 0.9886363636363636 0.1360576923076923 0.018465909090909092 0.022115384615384617
0 0.4783380681818182 0.9625 0.020596590909090908 0.027884615384615386
1 0.5387073863636364 0.24711538461538463 0.020596590909090908 0.02403846153846154
1 0.9524147727272727 0.1658653846153846 0.01775568181818182 0.01826923076923077
1 0.1708096590909091 0.8850961538461538 0.018465909090909092 0.023076923076923078
1 0.25355113636363635 0.9879807692307693 0.015625 0.022115384615384617
1 0.16157670454545456 0.6870192307692308 0.024147727272727272 0.03365384615384615
1 0.8206676136363636 0.7572115384615384 0.02130681818181818 0.03076923076923077
1 0.4286221590909091 0.61875 0.019176136363636364 0.02980769230769231
0 0.9470880681818182 0.9418269230769231 0.01775568181818182 0.022115384615384617
1 0.3036221590909091 0.8620192307692308 0.019176136363636364 0.025
1 0.008522727272727272 0.85625 0.017045454545454544 0.02403846153846154
1 0.9392755681818182 0.3625 0.01775568181818182 0.023076923076923078
0 0.3515625 0.7206730769230769 0.0234375 0.032692307692307694
1 0.0718465909090909 0.9229038461538462 0.018416193181818183 0.034