1 0.3796164772727273 0.4221153846153846 0.022017045454545456 0.03173076923076923
1 0.8029119318181818 0.9336538461538462 0.016335227272727272 0.021153846153846155
1 0.4921875 0.8009615384615385 0.02911931818181818 0.03942307692307692
1 0.6395596590909091 0.23509615384615384 0.018465909090909092 0.026923076923076925
1 0.06853693181818182 0.42740384615384613 0.019886363636363636 0.026923076923076925
1 0.5941051136363636 0.6211538461538462 0.022017045454545456 0.02980769230769231
1 0.10475852272727272 0.5846153846153846 0.017045454545454544 0.02403846153846154
1 0.26313920454545453 0.4081730769230769 0.01775568181818182 0.022115384615384617
0 0.18181818181818182 0.03173076923076923 0.024147727272727272 0.03173076923076923
1 0.5965909090909091 0.24711538461538463 0.018465909090909092 0.02403846153846154
1 0.9669744318181818 0.38798076923076924 0.017045454545454544 0.023076923076923078
1 0.58203125 0.6634615384615384 0.017045454545454544 0.022115384615384617
1 0.39879261363636365 0.43846153846153846 0.024147727272727272 0.03076923076923077
1 0.8050426136363636 0.7201923076923077 0.016335227272727272 0.023076923076923078
1 0.13813920454545456 0.46442307692307694 0.01775568181818182 0.02403846153846154
1 0.9403409090909091 0.4701923076923077 0.014914772727272728 0.01826923076923077
0 0.13529829545454544 0.33125 0.022017045454545456 0.02980769230769231
0 0.5571732954545454 0.9067307692307692 0.022017045454545456 0.027884615384615386
1 0.4357244318181818 0.6485576923076923 0.01775568181818182 0.02403846153846154
0 0.25639204545454547 0.22884615384615384 0.02130681818181818 0.032692307692307694
1 0.4382102272727273 0.3293269230769231 0.0234375 0.03461538461538462
1 0.22620738636363635 0.014903846153846155 0.018465909090909092 0.02403846153846154
0 0.7848011363636364 0.0375 0.024147727272727272 0.032692307692307694
1 0.18501420454545456 0.7759615384615385 0.015625 0.025
1 0.5553977272727273 0.5485576923076924 0.018465909090909092 0.02403846153846154
0 0.16938920454545456 0.5004807692307692 0.019176136363636364 0.025
1 0.28160511363636365 0.8418269230769231 0.01775568181818182 0.025
1 0.8217329545454546 0.3735576923076923 0.022017045454545456 0.03076923076923077
0 0.6299715909090909 0.12548076923076923 0.022017045454545456 0.02980769230769231
0 0.17826704545454544 0.4846153846153846 0.019886363636363636 0.027884615384615386
0 0.9030539772727273 0.31346153846153846 0.020596590909090908 0.027884615384615386
0 0.53515625 0.9403846153846154 0.022017045454545456 0.02980769230769231
1 0.22407670454545456 0.5764423076923076 0.019886363636363636 0.026923076923076925
1 0.6001420454545454 0.6774038461538462 0.017045454545454544 0.023076923076923078
1 0.3249289772727273 0.8740384615384615 0.022727272727272728 0.03173076923076923
1 0.1903409090909091 0.5841346153846154 0.016335227272727272 0.021153846153846155
1 0.6743607954545454 0.7139423076923077 0.015625 0.023076923076923078
1 0.46484375 0.9788461538461538 0.02130681818181818 0.028846153846153848
0 0.6317471590909091 0.33798076923076925 0.02556818181818182 0.03076923076923077
0 0.6321022727272727 0.6807692307692308 0.02130681818181818 0.03076923076923077
1 0.45738636363636365 0.8879807692307692 0.020596590909090908 0.03076923076923077
0 0.08735795454545454 0.7802884615384615 0.01775568181818182 0.025
0 0.4520596590909091 0.6884615384615385 0.020596590909090908 0.02980769230769231
0 0.7542613636363636 0.9230769230769231 0.019176136363636364 0.025961538461538463
0 0.2567471590909091 0.7783653846153846 0.018465909090909092 0.025961538461538463
1 0.3057528409090909 0.7663461538461539 0.017045454545454544 0.025
0 0.40980113636363635 0.48365384615384616 0.019176136363636364 0.026923076923076925
1 0.375 0.6875 0.018465909090909092 0.02403846153846154
0 0.7709517045454546 0.9307692307692308 0.019176136363636364 0.025
0 0.5063920454545454 0.1076923076923077 0.024147727272727272 0.03076923076923077
0 0.8352272727272727 0.027403846153846154 0.019176136363636364 0.028846153846153848
1 0.18714488636363635 0.5091346153846154 0.016335227272727272 0.022115384615384617
1 0.052201704545454544 0.8206730769230769 0.024857954545454544 0.025961538461538463
0 0.7798295454545454 0.979326923076923 0.015625 0.025
0 0.7479545454545454 0.9425288461538461 0.018416193181818183 0.02521153846153846
0 0.7527485795454545 0.9636730769230769 0.016938920454545457 0.03506730769230769