0 0.7333096590909091 0.33413461538461536 0.018465909090909092 0.025
0 0.8185369318181818 0.7480769230769231 0.020596590909090908 0.025961538461538463
0 0.4953835227272727 0.09807692307692308 0.020596590909090908 0.026923076923076925
0 0.9073153409090909 0.15625 0.019886363636363636 0.026923076923076925
0 0.7279829545454546 0.4009615384615385 0.018465909090909092 0.025
0 0.6910511363636364 0.7048076923076924 0.020596590909090908 0.026923076923076925
0 0.7670454545454546 0.525 0.020596590909090908 0.025961538461538463
0 0.47230113636363635 0.875 0.019886363636363636 0.027884615384615386
0 0.35298295454545453 0.7254807692307692 0.01775568181818182 0.026923076923076925
0 0.24857954545454544 0.6658653846153846 0.019176136363636364 0.025
0 0.2830255681818182 0.34278846153846154 0.019176136363636364 0.023076923076923078
0 0.7162642045454546 0.7120192307692308 0.022727272727272728 0.02403846153846154
1 0.5671164772727273 0.59375 0.02556818181818182 0.032692307692307694
0 0.6917613636363636 0.6384615384615384 0.022017045454545456 0.026923076923076925
0 0.828125 0.9711538461538461 0.018465909090909092 0.025961538461538463
0 0.4744318181818182 0.39134615384615384 0.020596590909090908 0.025
0 0.7919034090909091 0.8903846153846153 0.02130681818181818 0.026923076923076925
0 0.5713778409090909 0.0889423076923077 0.019176136363636364 0.026923076923076925
0 0.8107244318181818 0.604326923076923 0.018465909090909092 0.027884615384615386
0 0.8409090909090909 0.666826923076923 0.018465909090909092 0.02403846153846154
0 0.8703835227272727 0.9538461538461539 0.022017045454545456 0.026923076923076925
0 0.6061789772727273 0.5125 0.022017045454545456 0.027884615384615386
0 0.5014204545454546 0.2846153846153846 0.0234375 0.03173076923076923
0 0.5901988636363636 0.8769230769230769 0.020596590909090908 0.026923076923076925
0 0.7201704545454546 0.47884615384615387 0.02130681818181818 0.02403846153846154
0 0.11896306818181818 0.5081730769230769 0.02130681818181818 0.025
0 0.5450994318181818 0.038461538461538464 0.019176136363636364 0.025961538461538463
0 0.9840198863636364 0.61875 0.022017045454545456 0.025
0 0.9311079545454546 0.03365384615384615 0.018465909090909092 0.025
0 0.15305397727272727 0.5019230769230769 0.02130681818181818 0.02980769230769231
0 0.7993607954545454 0.7596153846153846 0.018465909090909092 0.025
0 0.6040482954545454 0.39615384615384613 0.020596590909090908 0.02403846153846154
0 0.8444602272727273 0.9230769230769231 0.018465909090909092 0.027884615384615386
0 0.8188920454545454 0.14471153846153847 0.018465909090909092 0.022115384615384617
0 0.9904119318181818 0.027403846153846154 0.018465909090909092 0.025961538461538463
0 0.4424715909090909 0.2725961538461538 0.026278409090909092 0.032692307692307694
0 0.33735795454545453 0.8807692307692307 0.022727272727272728 0.028846153846153848
0 0.625 0.9600961538461539 0.018465909090909092 0.026923076923076925
1 0.3430397727272727 0.44711538461538464 0.016335227272727272 0.022115384615384617
0 0.4708806818181818 0.8173076923076923 0.018465909090909092 0.025
0 0.9921875 0.7923076923076923 0.015625 0.027884615384615386
0 0.7475142045454546 0.4206730769230769 0.019886363636363636 0.025
0 0.49573863636363635 0.17884615384615385 0.02130681818181818 0.027884615384615386
0 0.4268465909090909 0.37259615384615385 0.02130681818181818 0.028846153846153848
0 0.4904119318181818 0.7769230769230769 0.018465909090909092 0.026923076923076925
0 0.5046164772727273 0.7370192307692308 0.020596590909090908 0.025961538461538463
0 0.9477982954545454 0.6072115384615384 0.018465909090909092 0.02403846153846154
0 0.46875 0.9225961538461539 0.019176136363636364 0.025
0 0.1260653409090909 0.9639423076923077 0.020596590909090908 0.025
0 0.8274147727272727 0.06971153846153846 0.019176136363636364 0.02403846153846154
0 0.68359375 0.34759615384615383 0.020596590909090908 0.025
0 0.24254261363636365 0.614423076923077 0.022017045454545456 0.025
0 0.43714488636363635 0.33653846153846156 0.019886363636363636 0.027884615384615386
0 0.5905539772727273 0.2456730769230769 0.022017045454545456 0.02980769230769231
0 0.31782670454545453 0.03317307692307692 0.01775568181818182 0.025
1 0.4169034090909091 0.03076923076923077 0.020596590909090908 0.025
0 0.3604403409090909 0.22403846153846155 0.019176136363636364 0.026923076923076925
0 0.6150568181818182 0.7692307692307693 0.020596590909090908 0.026923076923076925
0 0.9222301136363636 0.6576923076923077 0.024147727272727272 0.028846153846153848
0 0.8512073863636364 0.13942307692307693 0.019886363636363636 0.02403846153846154
1 0.6566051136363636 0.3346153846153846 0.014914772727272728 0.019230769230769232
0 0.5901988636363636 0.916826923076923 0.024857954545454544 0.03173076923076923
0 0.31214488636363635 0.4778846153846154 0.02130681818181818 0.026923076923076925
0 0.7613636363636364 0.19326923076923078 0.022727272727272728 0.02980769230769231
0 0.7631392045454546 0.08990384615384615 0.019176136363636364 0.025
0 0.4588068181818182 0.5432692307692307 0.02130681818181818 0.027884615384615386
0 0.7975852272727273 0.03221153846153846 0.022017045454545456 0.026923076923076925
0 0.7521306818181818 0.05721153846153846 0.019176136363636364 0.027884615384615386
0 0.2762784090909091 0.2798076923076923 0.02130681818181818 0.027884615384615386
0 0.38813920454545453 0.35528846153846155 0.02130681818181818 0.02403846153846154
0 0.5 0.4322115384615385 0.02130681818181818 0.025961538461538463
0 0.6186079545454546 0.8735576923076923 0.019176136363636364 0.025
0 0.5287642045454546 0.5677884615384615 0.024857954545454544 0.03173076923076923
0 0.9747869318181818 0.10865384615384616 0.019886363636363636 0.025961538461538463
0 0.5674715909090909 0.4394230769230769 0.022017045454545456 0.02980769230769231
0 0.52734375 0.09134615384615384 0.022017045454545456 0.035576923076923075
0 0.6637073863636364 0.7908653846153846 0.02130681818181818 0.03076923076923077
0 0.7066761363636364 0.7884615384615384 0.019176136363636364 0.026923076923076925
0 0.42223011363636365 0.6826923076923077 0.019886363636363636 0.026923076923076925
0 0.36328125 0.8 0.019176136363636364 0.025
0 0.2958096590909091 0.17403846153846153 0.020596590909090908 0.02980769230769231
0 0.5465198863636364 0.12788461538461537 0.022727272727272728 0.025961538461538463
0 0.8877840909090909 0.40384615384615385 0.017045454545454544 0.025
0 0.8227982954545454 0.5509615384615385 0.019886363636363636 0.026923076923076925
0 0.49183238636363635 0.6956730769230769 0.02130681818181818 0.025
0 0.7865767045454546 0.5475961538461539 0.019886363636363636 0.02980769230769231
0 0.01953125 0.38076923076923075 0.022017045454545456 0.028846153846153848
0 0.9502840909090909 0.16346153846153846 0.02130681818181818 0.02980769230769231
0 0.9172585227272727 0.34807692307692306 0.020596590909090908 0.026923076923076925
0 0.6999289772727273 0.3216346153846154 0.019886363636363636 0.025
0 0.4140625 0.24471153846153845 0.020596590909090908 0.025961538461538463
0 0.9552556818181818 0.5442307692307692 0.019176136363636364 0.026923076923076925
0 0.9240056818181818 0.8533653846153846 0.018465909090909092 0.025
0 0.23473011363636365 0.3798076923076923 0.020596590909090908 0.027884615384615386
0 0.44176136363636365 0.8192307692307692 0.0234375 0.02980769230769231
0 0.3817471590909091 0.8048076923076923 0.020596590909090908 0.028846153846153848
0 0.0078125 0.85625 0.015625 0.02403846153846154
0 0.7599431818181818 0.5764423076923076 0.02130681818181818 0.027884615384615386
0 0.4364346590909091 0.07307692307692308 0.022727272727272728 0.027884615384615386
0 0.5933948863636364 0.7144230769230769 0.019886363636363636 0.028846153846153848
0 0.51953125 0.7201923076923077 0.024147727272727272 0.028846153846153848
0 0.7350852272727273 0.45576923076923076 0.02130681818181818 0.027884615384615386
0 0.5010653409090909 0.057692307692307696 0.019176136363636364 0.025961538461538463
0 0.03977272727272727 0.8600961538461539 0.019176136363636364 0.027884615384615386
0 0.056463068181818184 0.8879807692307692 0.020596590909090908 0.026923076923076925
0 0.14772727272727273 0.6538461538461539 0.019176136363636364 0.02980769230769231
0 0.09943181818181818 0.4014423076923077 0.02130681818181818 0.02980769230769231
0 0.060014204545454544 0.6725961538461539 0.0234375 0.032692307692307694
0 0.01171875 0.7274038461538461 0.020596590909090908 0.02403846153846154
0 0.8877840909090909 0.7855769230769231 0.01775568181818182 0.025
0 0.2922585227272727 0.63125 0.02130681818181818 0.027884615384615386
0 0.9360795454545454 0.43028846153846156 0.019176136363636364 0.026923076923076925
0 0.39985795454545453 0.8211538461538461 0.019886363636363636 0.028846153846153848
1 0.022017045454545456 0.5168269230769231 0.019176136363636364 0.022115384615384617
0 0.8259943181818182 0.21346153846153845 0.024147727272727272 0.035576923076923075
0 0.984375 0.07932692307692307 0.020596590909090908 0.025961538461538463
0 0.6097301136363636 0.7173076923076923 0.018465909090909092 0.02403846153846154
0 0.42045454545454547 0.5461538461538461 0.017045454545454544 0.022115384615384617
0 0.3270596590909091 0.9754807692307692 0.02130681818181818 0.028846153846153848
0 0.5948153409090909 0.14182692307692307 0.019886363636363636 0.027884615384615386
0 0.4609375 0.6817307692307693 0.02130681818181818 0.03365384615384615
0 0.10014204545454546 0.9163461538461538 0.022017045454545456 0.032692307692307694
0 0.5639204545454546 0.04423076923076923 0.022727272727272728 0.026923076923076925
1 0.9350142045454546 0.3548076923076923 0.019886363636363636 0.023076923076923078
0 0.5603693181818182 0.9855769230769231 0.019886363636363636 0.025961538461538463
0 0.7666903409090909 0.49182692307692305 0.01775568181818182 0.02403846153846154
0 0.4872159090909091 0.8033653846153846 0.017045454545454544 0.023076923076923078
0 0.4541903409090909 0.08317307692307692 0.017045454545454544 0.02403846153846154
0 0.9438920454545454 0.19278846153846155 0.020596590909090908 0.02980769230769231
0 0.1356534090909091 0.43365384615384617 0.020596590909090908 0.027884615384615386
0 0.4375 0.4514423076923077 0.019176136363636364 0.02403846153846154
0 0.765625 0.9466346153846154 0.020596590909090908 0.026923076923076925
1 0.9620028409090909 0.38269230769230766 0.02130681818181818 0.026923076923076925
0 0.5656960227272727 0.6288461538461538 0.01775568181818182 0.02403846153846154
0 0.17329545454545456 0.42980769230769234 0.01775568181818182 0.02403846153846154
1 0.39701704545454547 0.04951923076923077 0.018465909090909092 0.02403846153846154
1 0.36470170454545453 0.6162307692307692 0.019176136363636364 0.02403846153846154
0 0.9389204545454546 0.39615384615384613 0.020596590909090908 0.025961538461538463
0 0.11541193181818182 0.41875 0.019176136363636364 0.02980769230769231
0 0.19779829545454544 0.42980769230769234 0.0234375 0.023076923076923078
0 0.7556818181818182 0.9317307692307693 0.020596590909090908 0.026923076923076925
0 0.26207386363636365 0.40528846153846154 0.0234375 0.02980769230769231
0 0.7361505681818182 0.37596153846153846 0.01775568181818182 0.025961538461538463
0 0.048650568181818184 0.06538461538461539 0.0234375 0.028846153846153848
1 0.31214488636363635 0.18846153846153846 0.020596590909090908 0.02980769230769231
0 0.22727272727272727 0.9677884615384615 0.019886363636363636 0.02980769230769231
0 0.8948863636363636 0.36490384615384613 0.01775568181818182 0.023076923076923078
0 0.3639914772727273 0.5875 0.020596590909090908 0.028846153846153848
0 0.08487215909090909 0.08509615384615385 0.026278409090909092 0.03173076923076923
0 0.7439630681818182 0.4831730769230769 0.017045454545454544 0.02403846153846154
0 0.2510653409090909 0.2903846153846154 0.022017045454545456 0.03173076923076923
0 0.44495738636363635 0.9735576923076923 0.02130681818181818 0.025
0 0.030184659090909092 0.6096153846153847 0.022727272727272728 0.03076923076923077
0 0.07279829545454546 0.8682692307692308 0.020596590909090908 0.03076923076923077
1 0.4190340909090909 0.11875 0.01775568181818182 0.023076923076923078
0 0.13884943181818182 0.41057692307692306 0.020596590909090908 0.027884615384615386
1 0.5376420454545454 0.4846153846153846 0.022017045454545456 0.027884615384615386
0 0.9609375 0.23990384615384616 0.01775568181818182 0.025961538461538463
0 0.6576704545454546 0.1466346153846154 0.01775568181818182 0.02403846153846154
0 0.8647017045454546 0.4009615384615385 0.017045454545454544 0.023076923076923078
0 0.4161931818181818 0.20961538461538462 0.022727272727272728 0.028846153846153848
0 0.8977272727272727 0.20336538461538461 0.02130681818181818 0.02980769230769231
0 0.7262073863636364 0.6841346153846154 0.0234375 0.035576923076923075
0 0.8203125 0.45721153846153845 0.022727272727272728 0.026923076923076925
0 0.3103693181818182 0.9283653846153846 0.02130681818181818 0.027884615384615386
1 0.15305397727272727 0.37259615384615385 0.018465909090909092 0.022115384615384617
0 0.22869318181818182 0.31009615384615385 0.018465909090909092 0.02403846153846154
1 0.5003551136363636 0.7120192307692308 0.017045454545454544 0.021153846153846155
1 0.4794034090909091 0.5480769230769231 0.020596590909090908 0.027884615384615386
0 0.21946022727272727 0.08221153846153846 0.028409090909090908 0.032692307692307694
0 0.16015625 0.35336538461538464 0.020596590909090908 0.026923076923076925
0 0.06605113636363637 0.5043269230769231 0.018465909090909092 0.02403846153846154
0 0.07883522727272728 0.23701923076923076 0.02911931818181818 0.03173076923076923
0 0.8639914772727273 0.78125 0.019176136363636364 0.025
1 0.7610085227272727 0.26298076923076924 0.014204545454545454 0.019230769230769232
0 0.24857954545454544 0.5394230769230769 0.019886363636363636 0.025961538461538463
0 0.24644886363636365 0.24519230769230768 0.02130681818181818 0.027884615384615386
1 0.6974431818181818 0.375 0.01775568181818182 0.020192307692307693
0 0.28373579545454547 0.020192307692307693 0.017045454545454544 0.022115384615384617
0 0.7521306818181818 0.25576923076923075 0.019176136363636364 0.025961538461538463
1 0.17436079545454544 0.1423076923076923 0.01775568181818182 0.021153846153846155
0 0.27485795454545453 0.8149038461538461 0.017045454545454544 0.022115384615384617
0 0.8128551136363636 0.4932692307692308 0.024857954545454544 0.03173076923076923
0 0.7059659090909091 0.8913461538461539 0.02130681818181818 0.02980769230769231
0 0.17365056818181818 0.21201923076923077 0.019886363636363636 0.025961538461538463
0 0.45348011363636365 0.10576923076923077 0.01775568181818182 0.026923076923076925
0 0.21882102272727275 0.44058653846153845 0.028025568181818183 0.037