1 0.8192471590909091 0.03798076923076923 0.022727272727272728 0.028846153846153848
1 0.6850142045454546 0.6105769230769231 0.026988636363636364 0.035576923076923075
1 0.030539772727272728 0.9225961538461539 0.024857954545454544 0.038461538461538464
1 0.3682528409090909 0.48509615384615384 0.0234375 0.03076923076923077
1 0.8103693181818182 0.6634615384615384 0.03196022727272727 0.041346153846153845
1 0.07883522727272728 0.14615384615384616 0.026988636363636364 0.035576923076923075
1 0.6051136363636364 0.5605769230769231 0.026278409090909092 0.03653846153846154
1 0.25248579545454547 0.7860576923076923 0.02556818181818182 0.035576923076923075
1 0.6452414772727273 0.11153846153846154 0.029829545454545456 0.03942307692307692
1 0.4485085227272727 0.8774038461538461 0.029829545454545456 0.04038461538461539
1 0.40873579545454547 0.9447115384615384 0.02556818181818182 0.03461538461538462
1 0.16832386363636365 0.2673076923076923 0.024147727272727272 0.03173076923076923
1 0.19176136363636365 0.8326923076923077 0.024857954545454544 0.03365384615384615
1 0.14985795454545456 0.22596153846153846 0.02556818181818182 0.035576923076923075
1 0.48473011363636365 0.8254807692307692 0.0234375 0.03365384615384615
1 0.3359375 0.5625 0.026988636363636364 0.038461538461538464
1 0.6420454545454546 0.41875 0.02911931818181818 0.038461538461538464
1 0.9403409090909091 0.24134615384615385 0.024857954545454544 0.032692307692307694
1 0.5408380681818182 0.6572115384615385 0.018465909090909092 0.02403846153846154
1 0.4343039772727273 0.08605769230769231 0.0234375 0.03076923076923077
1 0.9332386363636364 0.40673076923076923 0.0234375 0.02980769230769231
1 0.6711647727272727 0.6807692307692308 0.019176136363636364 0.025
1 0.049005681818181816 0.8908653846153847 0.0234375 0.03173076923076923
1 0.5987215909090909 0.7745192307692308 0.02911931818181818 0.03173076923076923
1 0.028764204545454544 0.7586538461538461 0.019176136363636364 0.023076923076923078
1 0.052911931818181816 0.7375 0.03409090909090909 0.04423076923076923
1 0.45561079545454547 0.5225961538461539 0.022017045454545456 0.028846153846153848
1 0.35298295454545453 0.23221153846153847 0.028409090909090908 0.03461538461538462
1 0.7322443181818182 0.05673076923076923 0.01775568181818182 0.023076923076923078
1 0.23863636363636365 0.3153846153846154 0.020596590909090908 0.028846153846153848
1 0.8387784090909091 0.07403846153846154 0.0234375 0.032692307692307694
1 0.03515625 0.6956730769230769 0.029829545454545456 0.038461538461538464
1 0.47301136363636365 0.6557692307692308 0.026988636363636364 0.032692307692307694
1 0.25 0.057692307692307696 0.0234375 0.032692307692307694
1 0.7524857954545454 0.6995192307692307 0.03196022727272727 0.041346153846153845
1 0.02130681818181818 0.17884615384615385 0.02556818181818182 0.03461538461538462
1 0.4783380681818182 0.573076923076923 0.020596590909090908 0.028846153846153848
1 0.3565340909090909 0.66875 0.018465909090909092 0.025961538461538463
0 0.17223011363636365 0.16923076923076924 0.022727272727272728 0.026923076923076925
1 0.9886363636363636 0.22788461538461538 0.022727272727272728 0.03942307692307692
1 0.1747159090909091 0.4230769230769231 0.02911931818181818 0.03942307692307692
1 0.3611505681818182 0.33942307692307694 0.02130681818181818 0.03076923076923077
1 0.9076704545454546 0.2759615384615385 0.024147727272727272 0.03365384615384615
1 0.828125 0.95 0.028409090909090908 0.03942307692307692
1 0.4772727272727273 0.5985576923076923 0.018465909090909092 0.02403846153846154
1 0.9502840909090909 0.3014423076923077 0.024147727272727272 0.03076923076923077
1 0.4158380681818182 0.9110576923076923 0.02911931818181818 0.035576923076923075
1 0.4328835227272727 0.038461538461538464 0.03125 0.041346153846153845
1 0.7002840909090909 0.05384615384615385 0.03480113636363636 0.04423076923076923
1 0.13245738636363635 0.5076923076923077 0.020596590909090908 0.025961538461538463
1 0.028053977272727272 0.3716346153846154 0.027698863636363636 0.0375
1 0.9080255681818182 0.22692307692307692 0.022017045454545456 0.03173076923076923
1 0.8277698863636364 0.4754807692307692 0.018465909090909092 0.028846153846153848
1 0.04225852272727273 0.16153846153846155 0.026278409090909092 0.03365384615384615
1 0.36470170454545453 0.1985576923076923 0.019176136363636364 0.025961538461538463
1 0.4122869318181818 0.2860576923076923 0.024147727272727272 0.03076923076923077
1 0.20134943181818182 0.5341346153846154 0.022727272727272728 0.027884615384615386
1 0.4090909090909091 0.8235576923076923 0.019176136363636364 0.025961538461538463
1 0.5763494318181818 0.047115384615384615 0.02130681818181818 0.026923076923076925
1 0.18039772727272727 0.6961538461538461 0.018465909090909092 0.025961538461538463
1 0.9289772727272727 0.29759615384615384 0.0234375 0.032692307692307694
1 0.19460227272727273 0.7245192307692307 0.02130681818181818 0.03076923076923077
1 0.5188210227272727 0.5528846153846154 0.029829545454545456 0.04326923076923077
1 0.9904119318181818 0.6221153846153846 0.019176136363636364 0.025
1 0.7755681818181818 0.27355769230769234 0.024147727272727272 0.028846153846153848
1 0.1924715909090909 0.08557692307692308 0.028409090909090908 0.03461538461538462
1 0.06285511363636363 0.5461538461538461 0.0234375 0.02980769230769231
0 0.1512784090909091 0.12692307692307692 0.026988636363636364 0.028846153846153848
0 0.16725852272727273 0.7211538461538461 0.019176136363636364 0.025961538461538463
1 0.5042613636363636 0.7591346153846154 0.020596590909090908 0.025961538461538463
0 0.11860795454545454 0.10432692307692308 0.026278409090909092 0.038461538461538464
1 0.9247159090909091 0.8245192307692307 0.02911931818181818 0.04326923076923077
1 0.5909090909090909 0.729326923076923 0.020596590909090908 0.026923076923076925
1 0.9506392045454546 0.58125 0.03125 0.041346153846153845
1 0.5170454545454546 0.6927884615384615 0.0234375 0.026923076923076925
1 0.24680397727272727 0.9846153846153847 0.018465909090909092 0.025961538461538463
1 0.007457386363636364 0.38125 0.014914772727272728 0.032692307692307694
1 0.51953125 0.7254807692307692 0.0234375 0.03461538461538462
1 0.4928977272727273 0.7206730769230769 0.01775568181818182 0.022115384615384617
1 0.03799715909090909 0.8634615384615385 0.0234375 0.032692307692307694
1 0.45738636363636365 0.2264423076923077 0.022017045454545456 0.025961538461538463
1 0.7325994318181818 0.48365384615384616 0.022017045454545456 0.027884615384615386
1 0.28160511363636365 0.38221153846153844 0.0234375 0.027884615384615386
1 0.06356534090909091 0.85625 0.028409090909090908 0.03461538461538462
0 0.20241477272727273 0.645673076923077 0.02130681818181818 0.028846153846153848
1 0.08061079545454546 0.33653846153846156 0.024857954545454544 0.02980769230769231
0 0.5344460227272727 0.925 0.01775568181818182 0.026923076923076925
1 0.8011363636363636 0.48125 0.02130681818181818 0.02980769230769231
1 0.6235795454545454 0.9538461538461539 0.024857954545454544 0.03173076923076923
1 0.7645596590909091 0.4528846153846154 0.03196022727272727 0.04038461538461539
1 0.5752840909090909 0.22740384615384615 0.03196022727272727 0.046153846153846156
1 0.11008522727272728 0.8201923076923077 0.019886363636363636 0.025
1 0.9055397727272727 0.6990384615384615 0.0234375 0.02980769230769231
1 0.9723011363636364 0.09903846153846153 0.0234375 0.03076923076923077
1 0.9307528409090909 0.5177884615384616 0.018465909090909092 0.023076923076923078
1 0.6477272727272727 0.7836538461538461 0.02556818181818182 0.032692307692307694
0 0.02166193181818182 0.4798076923076923 0.020596590909090908 0.025961538461538463
1 0.8991477272727273 0.6644230769230769 0.0234375 0.03365384615384615
1 0.41264204545454547 0.22548076923076923 0.018465909090909092 0.023076923076923078
1 0.6708096590909091 0.29278846153846155 0.02130681818181818 0.028846153846153848
1 0.37890625 0.4173076923076923 0.019886363636363636 0.025961538461538463
0 0.5617897727272727 0.8778846153846154 0.019176136363636364 0.026923076923076925
1 0.3057528409090909 0.7086538461538462 0.019886363636363636 0.027884615384615386
1 0.8828125 0.36346153846153845 0.024857954545454544 0.03365384615384615
0 0.08700284090909091 0.21057692307692308 0.020596590909090908 0.027884615384615386
1 0.8192471590909091 0.26346153846153847 0.028409090909090908 0.0375
1 0.9730113636363636 0.4264423076923077 0.024857954545454544 0.027884615384615386
1 0.7375710227272727 0.6230769230769231 0.030539772727272728 0.041346153846153845
1 0.3078835227272727 0.12692307692307692 0.022727272727272728 0.03076923076923077
1 0.024857954545454544 0.1389423076923077 0.0234375 0.03365384615384615
1 0.6807528409090909 0.08605769230769231 0.01775568181818182 0.021153846153846155
0 0.8600852272727273 0.6778846153846154 0.019886363636363636 0.026923076923076925
0 0.31782670454545453 0.7788461538461539 0.019176136363636364 0.026923076923076925
1 0.5358664772727273 0.1 0.024857954545454544 0.035576923076923075
1 0.296875 0.40240384615384617 0.03125 0.03365384615384615
0 0.3469460227272727 0.6942307692307692 0.020596590909090908 0.026923076923076925
1 0.7581676136363636 0.9725961538461538 0.022017045454545456 0.02980769230769231
1 0.6953125 0.3802884615384615 0.02556818181818182 0.035576923076923075
1 0.43998579545454547 0.3995192307692308 0.024857954545454544 0.032692307692307694
0 0.4772727272727273 0.7528846153846154 0.019886363636363636 0.027884615384615386
1 0.21342329545454544 0.8774038461538461 0.022727272727272728 0.02980769230769231
0 0.20348011363636365 0.4971153846153846 0.02130681818181818 0.026923076923076925
1 0.7528409090909091 0.7360576923076924 0.018465909090909092 0.025961538461538463
0 0.43394886363636365 0.47259615384615383 0.018465909090909092 0.025961538461538463
0 0.6935369318181818 0.9240384615384616 0.022727272727272728 0.032692307692307694
1 0.09481534090909091 0.3230769230769231 0.019176136363636364 0.025
1 0.3643465909090909 0.29615384615384616 0.02556818181818182 0.03365384615384615
1 0.6860795454545454 0.44567307692307695 0.02911931818181818 0.03461538461538462
1 0.6750710227272727 0.16153846153846155 0.024147727272727272 0.03365384615384615
1 0.4268465909090909 0.9625 0.020596590909090908 0.02980769230769231
1 0.10866477272727272 0.7153846153846154 0.024147727272727272 0.032692307692307694
1 0.9506392045454546 0.6206730769230769 0.0234375 0.027884615384615386
1 0.6352982954545454 0.26875 0.027698863636363636 0.035576923076923075
1 0.20667613636363635 0.43365384615384617 0.028409090909090908 0.04038461538461539
1 0.40198863636363635 0.26634615384615384 0.0234375 0.026923076923076925
0 0.03622159090909091 0.5288461538461539 0.019886363636363636 0.02403846153846154
0 0.18217329545454544 0.7461538461538462 0.024857954545454544 0.03461538461538462
0 0.8171164772727273 0.9879807692307693 0.020596590909090908 0.02403846153846154
1 0.5674715909090909 0.08557692307692308 0.027698863636363636 0.04326923076923077
1 0.9808238636363636 0.5586538461538462 0.026278409090909092 0.03173076923076923
0 0.10511363636363637 0.19038461538461537 0.024147727272727272 0.023076923076923078
1 0.21058238636363635 0.28846153846153844 0.024147727272727272 0.027884615384615386
0 0.7080965909090909 0.1658653846153846 0.020596590909090908 0.02980769230769231
0 0.5376420454545454 0.8677884615384616 0.022017045454545456 0.026923076923076925
1 0.43607954545454547 0.7475961538461539 0.018465909090909092 0.027884615384615386
1 0.9580965909090909 0.9629807692307693 0.020596590909090908 0.027884615384615386
0 0.7134232954545454 0.9264423076923077 0.019176136363636364 0.02403846153846154
1 0.3103693181818182 0.28221153846153846 0.019176136363636364 0.025961538461538463
1 0.0078125 0.7086538461538462 0.015625 0.03173076923076923
1 0.2645596590909091 0.5504807692307693 0.02130681818181818 0.028846153846153848
1 0.6125710227272727 0.6798076923076923 0.017045454545454544 0.022115384615384617
1 0.8927556818181818 0.71875 0.019886363636363636 0.025
1 0.8526278409090909 0.09230769230769231 0.019176136363636364 0.026923076923076925
1 0.21342329545454544 0.2668269230769231 0.022727272727272728 0.025
1 0.2556818181818182 0.3610576923076923 0.018465909090909092 0.025
1 0.5426136363636364 0.4894230769230769 0.019176136363636364 0.023076923076923078
1 0.39453125 0.4033653846153846 0.020596590909090908 0.026923076923076925
0 0.7123579545454546 0.22740384615384615 0.019886363636363636 0.025961538461538463
1 0.3220880681818182 0.20817307692307693 0.029829545454545456 0.032692307692307694
1 0.5213068181818182 0.4947115384615385 0.0234375 0.028846153846153848
1 0.9002130681818182 0.1918269230769231 0.022017045454545456 0.028846153846153848
1 0.6640625 0.4326923076923077 0.019176136363636364 0.026923076923076925
1 0.4286221590909091 0.9302884615384616 0.019176136363636364 0.027884615384615386
1 0.041193181818181816 0.010432692307692308 0.018465909090909092 0.01826923076923077
1 0.49964488636363635 0.41875 0.020596590909090908 0.03076923076923077
1 0.9634232954545454 0.1918269230769231 0.03125 0.03942307692307692
1 0.6175426136363636 0.04278846153846154 0.019176136363636364 0.03076923076923077
1 0.09446022727272728 0.27740384615384617 0.02130681818181818 0.026923076923076925
1 0.43941761363636367 0.32002884615384614 0.024282670454545453 0.02989423076923077
1 0.29745028409090907 0.8077692307692308 0.021498579545454546 0.03951923076923077
1 0.5136292613636364 0.520048076923077 0.018849431818181817 0.027721153846153843
1 0.9385653409090909 0.6795576923076924 0.026370738636363637 0.032499999999999994
0 0.9350213068181819 0.7040096153846154 0.021115056818181818 0.03400961538461538
0 0.9162215909090908 0.7302596153846154 0.022230113636363638 0.026653846153846153