0 0.18004261363636365 0.3697115384615385 0.022727272727272728 0.02980769230769231
0 0.49644886363636365 0.31634615384615383 0.018465909090909092 0.025961538461538463
0 0.7549715909090909 0.5403846153846154 0.024147727272727272 0.028846153846153848
0 0.6079545454545454 0.3072115384615385 0.019176136363636364 0.026923076923076925
0 0.9914772727272727 0.8668269230769231 0.016335227272727272 0.025
0 0.7982954545454546 0.6269230769230769 0.019886363636363636 0.025
0 0.6189630681818182 0.8024038461538462 0.02130681818181818 0.027884615384615386
0 0.6583806818181818 0.20528846153846153 0.019886363636363636 0.027884615384615386
0 0.020596590909090908 0.7985576923076924 0.022727272727272728 0.027884615384615386
0 0.58203125 0.5399038461538461 0.020596590909090908 0.025961538461538463
0 0.08096590909090909 0.33990384615384617 0.026278409090909092 0.02980769230769231
0 0.7464488636363636 0.7913461538461538 0.02130681818181818 0.028846153846153848
0 0.8746448863636364 0.645673076923077 0.019886363636363636 0.028846153846153848
1 0.7049005681818182 0.5625 0.017045454545454544 0.023076923076923078
0 0.1434659090909091 0.4389423076923077 0.024147727272727272 0.03076923076923077
1 0.16867897727272727 0.7822115384615385 0.019886363636363636 0.025
0 0.7986505681818182 0.8153846153846154 0.020596590909090908 0.028846153846153848
0 0.45703125 0.5144230769230769 0.019886363636363636 0.027884615384615386
0 0.6697443181818182 0.9798076923076923 0.02130681818181818 0.025961538461538463
0 0.9641335227272727 0.10625 0.0234375 0.028846153846153848
0 0.29651988636363635 0.6673076923076923 0.022727272727272728 0.025961538461538463
0 0.8394886363636364 0.09711538461538462 0.018465909090909092 0.025961538461538463
0 0.9712357954545454 0.9317307692307693 0.019886363636363636 0.02980769230769231
0 0.4708806818181818 0.2173076923076923 0.019176136363636364 0.027884615384615386
0 0.47514204545454547 0.8788461538461538 0.02130681818181818 0.025961538461538463
0 0.6157670454545454 0.9663461538461539 0.024857954545454544 0.03076923076923077
0 0.5926846590909091 0.34471153846153846 0.019176136363636364 0.026923076923076925
0 0.5827414772727273 0.26490384615384616 0.019886363636363636 0.027884615384615386
0 0.7418323863636364 0.18221153846153845 0.022727272727272728 0.03076923076923077
0 0.7372159090909091 0.71875 0.026988636363636364 0.032692307692307694
0 0.14240056818181818 0.1201923076923077 0.019176136363636364 0.025961538461538463
0 0.7627840909090909 0.4028846153846154 0.020596590909090908 0.025
0 0.8931107954545454 0.6028846153846154 0.020596590909090908 0.025961538461538463
0 0.9105113636363636 0.10721153846153846 0.019176136363636364 0.026923076923076925
0 0.8238636363636364 0.43317307692307694 0.02130681818181818 0.026923076923076925
1 0.5262784090909091 0.7471153846153846 0.02130681818181818 0.026923076923076925
0 0.6370738636363636 0.8432692307692308 0.020596590909090908 0.03076923076923077
0 0.6569602272727273 0.7038461538461539 0.019176136363636364 0.026923076923076925
0 0.5905539772727273 0.8317307692307693 0.019886363636363636 0.02980769230769231
0 0.7514204545454546 0.6850961538461539 0.020596590909090908 0.025
1 0.4783380681818182 0.7221153846153846 0.024147727272727272 0.032692307692307694
0 0.5042613636363636 0.41971153846153847 0.019176136363636364 0.025
0 0.9282670454545454 0.6586538461538461 0.022017045454545456 0.025961538461538463
0 0.8160511363636364 0.7302884615384615 0.019176136363636364 0.026923076923076925
0 0.35191761363636365 0.2956730769230769 0.018465909090909092 0.03173076923076923
0 0.9307528409090909 0.14326923076923076 0.022017045454545456 0.028846153846153848
0 0.03586647727272727 0.175 0.022727272727272728 0.027884615384615386
1 0.8139204545454546 0.05721153846153846 0.02130681818181818 0.025961538461538463
0 0.8192471590909091 0.8072115384615385 0.02130681818181818 0.027884615384615386
1 0.3973721590909091 0.06682692307692308 0.019176136363636364 0.025
0 0.7194602272727273 0.8673076923076923 0.0234375 0.028846153846153848
0 0.4307528409090909 0.9375 0.018465909090909092 0.025961538461538463
0 0.4073153409090909 0.8653846153846154 0.02130681818181818 0.02980769230769231
0 0.8430397727272727 0.8024038461538462 0.024857954545454544 0.02980769230769231
1 0.11576704545454546 0.7163461538461539 0.019176136363636364 0.025
0 0.7208806818181818 0.6225961538461539 0.019886363636363636 0.03076923076923077
0 0.8370028409090909 0.6807692307692308 0.022017045454545456 0.03076923076923077
0 0.43892045454545453 0.38798076923076924 0.019176136363636364 0.03076923076923077
0 0.9723011363636364 0.07788461538461539 0.022727272727272728 0.025961538461538463
0 0.018110795454545456 0.2201923076923077 0.0234375 0.025961538461538463
0 0.7389914772727273 0.9442307692307692 0.019176136363636364 0.025961538461538463
1 0.890625 0.35721153846153847 0.017045454545454544 0.022115384615384617
0 0.15625 0.13028846153846155 0.018465909090909092 0.025961538461538463
0 0.23757102272727273 0.7495192307692308 0.022017045454545456 0.03365384615384615
0 0.8188920454545454 0.40240384615384617 0.020596590909090908 0.03076923076923077
0 0.9495738636363636 0.6620192307692307 0.018465909090909092 0.026923076923076925
0 0.15625 0.25769230769230766 0.024147727272727272 0.03173076923076923
0 0.00887784090909091 0.4216346153846154 0.017045454545454544 0.02980769230769231
0 0.6534090909090909 0.6288461538461538 0.0234375 0.027884615384615386
1 0.8128551136363636 0.8865384615384615 0.017045454545454544 0.023076923076923078
0 0.8551136363636364 0.09278846153846154 0.01775568181818182 0.026923076923076925
0 0.9066051136363636 0.7182692307692308 0.022017045454545456 0.027884615384615386
1 0.6122159090909091 0.7326923076923076 0.017045454545454544 0.021153846153846155
0 0.93359375 0.770673076923077 0.019176136363636364 0.02403846153846154
0 0.4861505681818182 0.20961538461538462 0.019176136363636364 0.028846153846153848
0 0.3849431818181818 0.21923076923076923 0.02911931818181818 0.03365384615384615
1 0.28657670454545453 0.86875 0.01775568181818182 0.023076923076923078
0 0.22052556818181818 0.47884615384615387 0.022727272727272728 0.026923076923076925
0 0.7254971590909091 0.9206730769230769 0.02130681818181818 0.03173076923076923
0 0.20738636363636365 0.08221153846153846 0.019176136363636364 0.027884615384615386
1 0.7091619318181818 0.5168269230769231 0.014914772727272728 0.020192307692307693
0 0.26207386363636365 0.3139423076923077 0.024147727272727272 0.03173076923076923
0 0.9886363636363636 0.7740384615384616 0.022017045454545456 0.028846153846153848
0 0.05823863636363636 0.7211538461538461 0.022727272727272728 0.026923076923076925
0 0.7517755681818182 0.4389423076923077 0.022727272727272728 0.03076923076923077
0 0.9293323863636364 0.7197115384615385 0.02130681818181818 0.026923076923076925
0 0.9229403409090909 0.6850961538461539 0.01775568181818182 0.027884615384615386
0 0.11008522727272728 0.5423076923076923 0.026988636363636364 0.03461538461538462
0 0.48863636363636365 0.43509615384615385 0.018465909090909092 0.026923076923076925
0 0.8465909090909091 0.4153846153846154 0.0234375 0.03173076923076923
1 0.09694602272727272 0.20288461538461539 0.01775568181818182 0.023076923076923078
0 0.6548295454545454 0.9043269230769231 0.024147727272727272 0.03365384615384615
0 0.7045454545454546 0.10865384615384616 0.022727272727272728 0.026923076923076925
0 0.9424715909090909 0.6879807692307692 0.022017045454545456 0.03076923076923077
0 0.5756392045454546 0.31634615384615383 0.0234375 0.027884615384615386
0 0.45738636363636365 0.15432692307692308 0.020596590909090908 0.03173076923076923
0 0.20916193181818182 0.8298076923076924 0.020596590909090908 0.027884615384615386
0 0.43004261363636365 0.8975961538461539 0.0234375 0.026923076923076925
0 0.8114346590909091 0.8346153846153846 0.02130681818181818 0.027884615384615386
0 0.36576704545454547 0.94375 0.016335227272727272 0.025961538461538463
0 0.41761363636363635 0.9658653846153846 0.0234375 0.028846153846153848
0 0.7531960227272727 0.9302884615384616 0.022017045454545456 0.028846153846153848
0 0.8238636363636364 0.31346153846153846 0.02130681818181818 0.027884615384615386
0 0.5102982954545454 0.6485576923076923 0.019886363636363636 0.025961538461538463
0 0.14098011363636365 0.01201923076923077 0.019886363636363636 0.02403846153846154
0 0.5035511363636364 0.44471153846153844 0.019176136363636364 0.03173076923076923
0 0.9183238636363636 0.7432692307692308 0.019886363636363636 0.025961538461538463
0 0.19069602272727273 0.07355769230769231 0.022017045454545456 0.026923076923076925
0 0.6750710227272727 0.8879807692307692 0.024147727272727272 0.03173076923076923
0 0.11363636363636363 0.3798076923076923 0.022727272727272728 0.035576923076923075
0 0.8196022727272727 0.6721153846153847 0.018465909090909092 0.025961538461538463
0 0.43323863636363635 0.8346153846153846 0.024147727272727272 0.028846153846153848
0 0.109375 0.23701923076923076 0.019176136363636364 0.032692307692307694
0 0.8263494318181818 0.7086538461538462 0.0234375 0.025
0 0.010298295454545454 0.44711538461538464 0.016335227272727272 0.02403846153846154
0 0.9435369318181818 0.30673076923076925 0.020596590909090908 0.025
0 0.1590909090909091 0.7600961538461538 0.024147727272727272 0.03173076923076923
0 0.024147727272727272 0.4658653846153846 0.018465909090909092 0.025961538461538463
0 0.2109375 0.958173076923077 0.02130681818181818 0.027884615384615386
0 0.9087357954545454 0.7615384615384615 0.01775568181818182 0.025961538461538463
0 0.7084517045454546 0.93125 0.018465909090909092 0.025961538461538463
0 0.6747159090909091 0.5375 0.019886363636363636 0.02980769230769231
0 0.6967329545454546 0.0875 0.0234375 0.027884615384615386
0 0.5763494318181818 0.8471153846153846 0.019886363636363636 0.028846153846153848
0 0.6747159090909091 0.7105769230769231 0.020596590909090908 0.02403846153846154
1 0.12038352272727272 0.010576923076923078 0.019886363636363636 0.021153846153846155
0 0.9584517045454546 0.7379807692307693 0.019886363636363636 0.025
0 0.4268465909090909 0.8725961538461539 0.02130681818181818 0.02980769230769231
0 0.5120738636363636 0.6269230769230769 0.019886363636363636 0.025
0 0.8629261363636364 0.31826923076923075 0.019886363636363636 0.028846153846153848
0 0.6917613636363636 0.24278846153846154 0.019176136363636364 0.027884615384615386
0 0.8366477272727273 0.9129807692307692 0.022017045454545456 0.026923076923076925
0 0.2521306818181818 0.7197115384615385 0.019886363636363636 0.025961538461538463
0 0.19602272727272727 0.7581730769230769 0.019886363636363636 0.03365384615384615
0 0.6949573863636364 0.9475961538461538 0.022017045454545456 0.027884615384615386
0 0.41370738636363635 0.65625 0.019886363636363636 0.032692307692307694
0 0.9591619318181818 0.1764423076923077 0.024857954545454544 0.027884615384615386
0 0.6360085227272727 0.56875 0.022727272727272728 0.028846153846153848
0 0.9517045454545454 0.7086538461538462 0.022727272727272728 0.03076923076923077
0 0.8615056818181818 0.5961538461538461 0.020596590909090908 0.02980769230769231
0 0.2510653409090909 0.6177884615384616 0.0234375 0.028846153846153848
1 0.5692471590909091 0.6572115384615385 0.024857954545454544 0.03076923076923077
1 0.7414772727272727 0.46057692307692305 0.019176136363636364 0.022115384615384617
0 0.9037642045454546 0.6923076923076923 0.02130681818181818 0.02980769230769231
0 0.7922585227272727 0.9735576923076923 0.019176136363636364 0.023076923076923078
0 0.9161931818181818 0.34278846153846154 0.02556818181818182 0.028846153846153848
0 0.9612926136363636 0.7620192307692307 0.020596590909090908 0.02980769230769231
0 0.4794034090909091 0.78125 0.022017045454545456 0.0375
0 0.5845170454545454 0.8759615384615385 0.0234375 0.03173076923076923
0 0.20667613636363635 0.6240384615384615 0.024857954545454544 0.028846153846153848
0 0.06321022727272728 0.46826923076923077 0.02130681818181818 0.02403846153846154
0 0.8508522727272727 0.8798076923076923 0.020596590909090908 0.03076923076923077
0 0.22620738636363635 0.6177884615384616 0.019176136363636364 0.025961538461538463
0 0.022727272727272728 0.7355769230769231 0.020596590909090908 0.025961538461538463
0 0.8313210227272727 0.8894230769230769 0.01775568181818182 0.025961538461538463
0 0.5720880681818182 0.8966346153846154 0.024147727272727272 0.032692307692307694
1 0.7865767045454546 0.5822115384615385 0.02130681818181818 0.027884615384615386
0 0.7684659090909091 0.9134615384615384 0.01775568181818182 0.027884615384615386
0 0.625 0.6721153846153847 0.019886363636363636 0.025961538461538463
0 0.9371448863636364 0.7461538461538462 0.018465909090909092 0.025
0 0.38636363636363635 0.8639423076923077 0.024857954545454544 0.03461538461538462
0 0.04580965909090909 0.45576923076923076 0.019176136363636364 0.02980769230769231
0 0.07796164772727272 0.5845288461538461 0.031640625 0.03575
0 0.4051846590909091 0.2552884615384615 0.019886363636363636 0.026923076923076925
0 0.6107954545454546 0.6480769230769231 0.019176136363636364 0.027884615384615386
0 0.8149857954545454 0.9596153846153846 0.022017045454545456 0.026923076923076925
0 0.8565340909090909 0.7182692307692308 0.017045454545454544 0.023076923076923078
0 0.7766335227272727 0.979326923076923 0.01775568181818182 0.025961538461538463
0 0.6516335227272727 0.74375 0.02130681818181818 0.02403846153846154
0 0.6899857954545454 0.5725961538461538 0.016335227272727272 0.02403846153846154
0 0.8863636363636364 0.6692307692307692 0.022727272727272728 0.028846153846153848
0 0.03870738636363636 0.9423076923076923 0.018465909090909092 0.02403846153846154
0 0.22443181818181818 0.8432692307692308 0.020596590909090908 0.026923076923076925
0 0.8142755681818182 0.29423076923076924 0.019886363636363636 0.027884615384615386
0 0.8771306818181818 0.7235576923076923 0.024147727272727272 0.025
1 0.015269886363636364 0.37259615384615385 0.019176136363636364 0.025
0 0.8856534090909091 0.7 0.018465909090909092 0.026923076923076925
0 0.6026278409090909 0.43317307692307694 0.020596590909090908 0.026923076923076925
0 0.9446022727272727 0.3283653846153846 0.02130681818181818 0.025961538461538463
0 0.6558948863636364 0.5706730769230769 0.018465909090909092 0.02980769230769231
0 0.060014204545454544 0.44759615384615387 0.017045454545454544 0.027884615384615386
0 0.6743607954545454 0.573076923076923 0.018465909090909092 0.025961538461538463
0 0.7926136363636364 0.9509615384615384 0.0234375 0.028846153846153848
0 0.7610085227272727 0.4639423076923077 0.019886363636363636 0.028846153846153848
0 0.5166903409090909 0.9240384615384616 0.019176136363636364 0.028846153846153848
0 0.5912642045454546 0.6384615384615384 0.026988636363636364 0.02980769230769231
0 0.01171875 0.9543269230769231 0.020596590909090908 0.027884615384615386
0 0.265625 0.8418269230769231 0.01775568181818182 0.026923076923076925
0 0.8821022727272727 0.7524038461538461 0.018465909090909092 0.02403846153846154
0 0.4982244318181818 0.916826923076923 0.02130681818181818 0.026923076923076925
0 0.676875 0.5998653846153846 0.01775568181818182 0.026923076923076925
0 0.55078125 0.5697115384615384 0.019886363636363636 0.025
0 0.22691761363636365 0.8100961538461539 0.022727272727272728 0.02980769230769231
0 0.8963068181818182 0.7610576923076923 0.016335227272727272 0.025
0 0.4499289772727273 0.4254807692307692 0.020596590909090908 0.03365384615384615
0 0.03231534090909091 0.9620192307692308 0.019176136363636364 0.02403846153846154
0 0.23863636363636365 0.9778846153846154 0.019176136363636364 0.026923076923076925
0 0.45951704545454547 0.5557692307692308 0.022017045454545456 0.027884615384615386
0 0.35191761363636365 0.9504807692307692 0.018465909090909092 0.027884615384615386
0 0.30042613636363635 0.9432692307692307 0.018465909090909092 0.02980769230769231
1 0.8448153409090909 0.8985576923076923 0.016335227272727272 0.021153846153846155
0 0.8508522727272727 0.7360576923076924 0.018465909090909092 0.023076923076923078
0 0.43501420454545453 0.5336538461538461 0.0234375 0.03076923076923077
0 0.9453125 0.7629807692307692 0.014914772727272728 0.021153846153846155
0 0.6796875 0.9192307692307692 0.02130681818181818 0.028846153846153848
0 0.5181107954545454 0.7211538461538461 0.02130681818181818 0.027884615384615386
1 0.5479403409090909 0.30480769230769234 0.019176136363636364 0.025961538461538463
0 0.7801846590909091 0.5581730769230769 0.0234375 0.028846153846153848
1 0.5490056818181818 0.5923076923076923 0.020596590909090908 0.028846153846153848
1 0.44779829545454547 0.13557692307692307 0.017045454545454544 0.025961538461538463
1 0.4676846590909091 0.3855769230769231 0.017045454545454544 0.020192307692307693
0 0.7093963068181819 0.8899038461538461 0.016995738636363635 0.023076923076923078
0 0.6903409090909091 0.7221153846153846 0.019176136363636364 0.026923076923076925
1 0.49982954545454544 0.9415288461538462 0.02049005681818182 0.029634615384615384
0 0.6949147727272728 0.8978942307692307 0.01683948863636364 0.03198076923076923
1 0.68765625 0.5931153846153846 0.011669034090909091 0.01633653846153846