0 0.8785511363636364 0.9341346153846154 0.020596590909090908 0.027884615384615386
0 0.7428977272727273 0.1 0.02130681818181818 0.02980769230769231
0 0.044389204545454544 0.11730769230769231 0.019176136363636364 0.025961538461538463
0 0.5198863636363636 0.17307692307692307 0.019886363636363636 0.027884615384615386
0 0.6186079545454546 0.3581730769230769 0.02130681818181818 0.026923076923076925
0 0.6580255681818182 0.47259615384615383 0.022017045454545456 0.02980769230769231
0 0.38316761363636365 0.20673076923076922 0.018465909090909092 0.025961538461538463
0 0.8078835227272727 0.29903846153846153 0.02130681818181818 0.026923076923076925
0 0.8256392045454546 0.3389423076923077 0.022727272727272728 0.03173076923076923
0 0.5557528409090909 0.2153846153846154 0.019886363636363636 0.02403846153846154
0 0.3380681818181818 0.3860576923076923 0.020596590909090908 0.026923076923076925
0 0.5568181818181818 0.18798076923076923 0.019176136363636364 0.02403846153846154
0 0.6186079545454546 0.4182692307692308 0.019176136363636364 0.025
0 0.4932528409090909 0.9360576923076923 0.020596590909090908 0.025961538461538463
0 0.9311079545454546 0.17211538461538461 0.019176136363636364 0.025961538461538463
0 0.8416193181818182 0.021634615384615384 0.017045454545454544 0.022115384615384617
0 0.05539772727272727 0.7889423076923077 0.02130681818181818 0.027884615384615386
0 0.3185369318181818 0.08701923076923077 0.017045454545454544 0.023076923076923078
0 0.8231534090909091 0.03076923076923077 0.022017045454545456 0.025961538461538463
0 0.5919744318181818 0.94375 0.020596590909090908 0.027884615384615386
0 0.8441051136363636 0.8456730769230769 0.01775568181818182 0.02403846153846154
0 0.7542613636363636 0.7105769230769231 0.018465909090909092 0.025
0 0.9112215909090909 0.12211538461538461 0.02130681818181818 0.026923076923076925
0 0.3377130681818182 0.42451923076923076 0.019886363636363636 0.026923076923076925
0 0.5056818181818182 0.03894230769230769 0.0234375 0.026923076923076925
0 0.052201704545454544 0.1889423076923077 0.018465909090909092 0.025
0 0.3586647727272727 0.5048076923076923 0.018465909090909092 0.025
0 0.5340909090909091 0.6870192307692308 0.01775568181818182 0.02403846153846154
0 0.7347301136363636 0.4043269230769231 0.02130681818181818 0.03076923076923077
0 0.5333806818181818 0.11826923076923077 0.02130681818181818 0.02980769230769231
0 0.9108664772727273 0.08557692307692308 0.022727272727272728 0.028846153846153848
0 0.9328835227272727 0.5528846153846154 0.02130681818181818 0.02980769230769231
0 0.9058948863636364 0.6120192307692308 0.02130681818181818 0.028846153846153848
0 0.4314630681818182 0.7932692307692307 0.02130681818181818 0.026923076923076925
0 0.2666903409090909 0.4096153846153846 0.020596590909090908 0.026923076923076925
0 0.5205965909090909 0.8307692307692308 0.01775568181818182 0.023076923076923078
0 0.4367897727272727 0.41201923076923075 0.020596590909090908 0.026923076923076925
0 0.48792613636363635 0.6572115384615385 0.018465909090909092 0.025961538461538463
0 0.6921164772727273 0.6923076923076923 0.019176136363636364 0.027884615384615386
0 0.4392755681818182 0.3346153846153846 0.019886363636363636 0.025961538461538463
0 0.3817471590909091 0.24615384615384617 0.022017045454545456 0.02980769230769231
0 0.8039772727272727 0.7413461538461539 0.019176136363636364 0.026923076923076925
0 0.12215909090909091 0.4721153846153846 0.01775568181818182 0.023076923076923078
0 0.15589488636363635 0.37740384615384615 0.017045454545454544 0.023076923076923078
0 0.4786931818181818 0.43990384615384615 0.022727272727272728 0.028846153846153848
0 0.19140625 0.12548076923076923 0.020596590909090908 0.028846153846153848
0 0.9016335227272727 0.8591346153846153 0.019886363636363636 0.027884615384615386
0 0.4364346590909091 0.46971153846153846 0.019886363636363636 0.028846153846153848
0 0.8533380681818182 0.1639423076923077 0.019176136363636364 0.025961538461538463
0 0.7737926136363636 0.9125 0.022017045454545456 0.025961538461538463
0 0.5291193181818182 0.9754807692307692 0.019176136363636364 0.025
0 0.8032670454545454 0.014903846153846155 0.018465909090909092 0.025
1 0.6321022727272727 0.5951923076923077 0.022017045454545456 0.026923076923076925
0 0.35511363636363635 0.02451923076923077 0.019886363636363636 0.027884615384615386
0 0.8948863636363636 0.2903846153846154 0.019886363636363636 0.028846153846153848
0 0.9556107954545454 0.8615384615384616 0.020596590909090908 0.03173076923076923
0 0.4016335227272727 0.7581730769230769 0.024857954545454544 0.027884615384615386
0 0.3259943181818182 0.20288461538461539 0.02130681818181818 0.03173076923076923
0 0.5646306818181818 0.9048076923076923 0.026278409090909092 0.03076923076923077
0 0.013494318181818182 0.33605769230769234 0.020596590909090908 0.028846153846153848
0 0.7017045454545454 0.5596153846153846 0.022727272727272728 0.026923076923076925
0 0.20241477272727273 0.34615384615384615 0.022727272727272728 0.02980769230769231
0 0.8973721590909091 0.7495192307692308 0.017045454545454544 0.02403846153846154
0 0.12357954545454546 0.27692307692307694 0.019176136363636364 0.02403846153846154
0 0.3078835227272727 0.15240384615384617 0.019886363636363636 0.026923076923076925
0 0.37890625 0.6759615384615385 0.020596590909090908 0.03076923076923077
0 0.8508522727272727 0.9245192307692308 0.022727272727272728 0.02980769230769231
0 0.5983664772727273 0.16153846153846155 0.018465909090909092 0.025
0 0.7439630681818182 0.03221153846153846 0.019886363636363636 0.023076923076923078
0 0.5660511363636364 0.24326923076923077 0.019886363636363636 0.025
0 0.17542613636363635 0.3019230769230769 0.018465909090909092 0.025961538461538463
0 0.8526278409090909 0.5557692307692308 0.02130681818181818 0.027884615384615386
0 0.4680397727272727 0.6427884615384616 0.020596590909090908 0.026923076923076925
0 0.9577414772727273 0.6490384615384616 0.022017045454545456 0.028846153846153848
0 0.13636363636363635 0.7225961538461538 0.019176136363636364 0.025961538461538463
0 0.5678267045454546 0.04519230769230769 0.019886363636363636 0.026923076923076925
0 0.27982954545454547 0.016826923076923076 0.019176136363636364 0.023076923076923078
0 0.38636363636363635 0.7149038461538462 0.02130681818181818 0.02980769230769231
0 0.7112926136363636 0.05721153846153846 0.019886363636363636 0.026923076923076925
0 0.2684659090909091 0.37884615384615383 0.022727272727272728 0.03076923076923077
0 0.6583806818181818 0.2423076923076923 0.022017045454545456 0.03076923076923077
0 0.40980113636363635 0.6798076923076923 0.01775568181818182 0.023076923076923078
0 0.9850852272727273 0.4528846153846154 0.020596590909090908 0.028846153846153848
0 0.31889204545454547 0.56875 0.01775568181818182 0.022115384615384617
0 0.16725852272727273 0.18076923076923077 0.02130681818181818 0.032692307692307694
0 0.6310369318181818 0.6283653846153846 0.024147727272727272 0.028846153846153848
0 0.5713778409090909 0.7370192307692308 0.019176136363636364 0.027884615384615386
0 0.16548295454545456 0.25961538461538464 0.020596590909090908 0.027884615384615386
0 0.9332386363636364 0.12980769230769232 0.019176136363636364 0.023076923076923078
0 0.6963778409090909 0.4778846153846154 0.019176136363636364 0.025961538461538463
0 0.9637784090909091 0.07259615384615385 0.02130681818181818 0.025
0 0.6150568181818182 0.9375 0.022727272727272728 0.02980769230769231
0 0.056107954545454544 0.9490384615384615 0.022017045454545456 0.027884615384615386
0 0.87890625 0.8682692307692308 0.024857954545454544 0.02980769230769231
0 0.15873579545454544 0.7009615384615384 0.018465909090909092 0.025961538461538463
0 0.4737215909090909 0.04375 0.02130681818181818 0.026923076923076925
0 0.5245028409090909 0.41875 0.02130681818181818 0.03173076923076923
0 0.3387784090909091 0.9009615384615385 0.018465909090909092 0.02403846153846154
0 0.9183238636363636 0.2759615384615385 0.020596590909090908 0.026923076923076925
0 0.6899857954545454 0.41778846153846155 0.020596590909090908 0.026923076923076925
0 0.023082386363636364 0.046153846153846156 0.0234375 0.03076923076923077
0 0.9840198863636364 0.6115384615384616 0.022727272727272728 0.025961538461538463
0 0.8888494318181818 0.023076923076923078 0.019886363636363636 0.02403846153846154
1 0.65234375 0.5995192307692307 0.017045454545454544 0.022115384615384617
1 0.7230113636363636 0.5879807692307693 0.017045454545454544 0.021153846153846155
0 0.7588778409090909 0.1576923076923077 0.02130681818181818 0.025961538461538463
0 0.8551136363636364 0.10817307692307693 0.018465909090909092 0.02980769230769231
0 0.07563920454545454 0.9403846153846154 0.022727272727272728 0.03076923076923077
1 0.6796875 0.4735576923076923 0.016335227272727272 0.020192307692307693
0 0.4353693181818182 0.6423076923076924 0.022017045454545456 0.027884615384615386
0 0.19957386363636365 0.15528846153846154 0.02130681818181818 0.027884615384615386
0 0.46839488636363635 0.9711538461538461 0.019886363636363636 0.025961538461538463
0 0.10901988636363637 0.6298076923076923 0.017045454545454544 0.027884615384615386
0 0.4005681818181818 0.16634615384615384 0.019176136363636364 0.027884615384615386
0 0.007457386363636364 0.8048076923076923 0.014914772727272728 0.027884615384615386
0 0.6321022727272727 0.3860576923076923 0.022017045454545456 0.02403846153846154
0 0.8700284090909091 0.12403846153846154 0.020596590909090908 0.02980769230769231
0 0.7560369318181818 0.12451923076923077 0.020596590909090908 0.027884615384615386
0 0.4509943181818182 0.791826923076923 0.019886363636363636 0.028846153846153848
1 0.09161931818181818 0.4403846153846154 0.017045454545454544 0.022115384615384617
0 0.6850142045454546 0.26153846153846155 0.019176136363636364 0.028846153846153848
0 0.2716619318181818 0.5711538461538461 0.02130681818181818 0.026923076923076925
1 0.9140625 0.48846153846153845 0.014204545454545454 0.019230769230769232
0 0.8494318181818182 0.6783653846153846 0.02130681818181818 0.026923076923076925
0 0.8536931818181818 0.1985576923076923 0.019886363636363636 0.03076923076923077
0 0.8643465909090909 0.7610576923076923 0.019176136363636364 0.03365384615384615
0 0.4637784090909091 0.7692307692307693 0.02130681818181818 0.028846153846153848
0 0.453125 0.625 0.022727272727272728 0.025
1 0.22301136363636365 0.2903846153846154 0.019886363636363636 0.025
1 0.6097301136363636 0.8793269230769231 0.019176136363636364 0.023076923076923078
0 0.07563920454545454 0.48125 0.02556818181818182 0.028846153846153848
0 0.3991477272727273 0.833173076923077 0.018465909090909092 0.026923076923076925
0 0.4669744318181818 0.4846153846153846 0.020596590909090908 0.026923076923076925
0 0.21484375 0.26009615384615387 0.02130681818181818 0.025961538461538463
0 0.012073863636363636 0.3870192307692308 0.019886363636363636 0.028846153846153848
0 0.12713068181818182 0.8533653846153846 0.022017045454545456 0.028846153846153848
0 0.7961647727272727 0.7908653846153846 0.018465909090909092 0.023076923076923078
0 0.8277698863636364 0.22788461538461538 0.020596590909090908 0.03076923076923077
0 0.9779829545454546 0.4966346153846154 0.01775568181818182 0.02403846153846154
0 0.7837357954545454 0.7201923076923077 0.0234375 0.03076923076923077
0 0.6477272727272727 0.3697115384615385 0.019886363636363636 0.028846153846153848
0 0.7975852272727273 0.9807692307692307 0.026988636363636364 0.027884615384615386
0 0.09446022727272728 0.09038461538461538 0.022017045454545456 0.025961538461538463
0 0.5653409090909091 0.5129807692307692 0.020596590909090908 0.032692307692307694
0 0.5841619318181818 0.29615384615384616 0.022017045454545456 0.035576923076923075
0 0.4016335227272727 0.08990384615384615 0.02130681818181818 0.03173076923076923
0 0.41264204545454547 0.8038461538461539 0.022017045454545456 0.035576923076923075
0 0.47265625 0.07692307692307693 0.0234375 0.028846153846153848
0 0.7897727272727273 0.14807692307692308 0.022017045454545456 0.028846153846153848
0 0.8746448863636364 0.24471153846153845 0.024147727272727272 0.027884615384615386
0 0.05894886363636364 0.5836538461538462 0.020596590909090908 0.027884615384615386
0 0.2688210227272727 0.8831730769230769 0.02130681818181818 0.028846153846153848
0 0.8877840909090909 0.9730769230769231 0.019176136363636364 0.025961538461538463
0 0.5546875 0.3091346153846154 0.022727272727272728 0.03173076923076923
0 0.38316761363636365 0.8418269230769231 0.019176136363636364 0.02980769230769231
0 0.022372159090909092 0.81875 0.018465909090909092 0.026923076923076925
0 0.24538352272727273 0.09951923076923076 0.02556818181818182 0.028846153846153848
1 0.8259943181818182 0.19326923076923078 0.020596590909090908 0.027884615384615386
0 0.07634943181818182 0.5889423076923077 0.019886363636363636 0.025961538461538463
0 0.22265625 0.6120192307692308 0.019886363636363636 0.026923076923076925
0 0.5205965909090909 0.2620192307692308 0.03622159090909091 0.03942307692307692
0 0.7755681818181818 0.036057692307692304 0.019886363636363636 0.023076923076923078
0 0.06960227272727272 0.3230769230769231 0.02130681818181818 0.03365384615384615
0 0.9073153409090909 0.1548076923076923 0.019886363636363636 0.025
0 0.4367897727272727 0.5798076923076924 0.01775568181818182 0.02980769230769231
0 0.7894176136363636 0.6701923076923076 0.019176136363636364 0.027884615384615386
0 0.08416193181818182 0.36538461538461536 0.018465909090909092 0.025
0 0.9932528409090909 0.06538461538461539 0.013494318181818182 0.026923076923076925
0 0.08167613636363637 0.0764423076923077 0.019886363636363636 0.02403846153846154
0 0.24076704545454544 0.6153846153846154 0.018465909090909092 0.025
0 0.7837357954545454 0.3033653846153846 0.019886363636363636 0.027884615384615386
0 0.9566761363636364 0.11298076923076923 0.019886363636363636 0.028846153846153848
0 0.21626420454545456 0.3144230769230769 0.022017045454545456 0.027884615384615386
0 0.7734375 0.5100961538461538 0.02130681818181818 0.03173076923076923
1 0.03622159090909091 0.4932692307692308 0.019886363636363636 0.025961538461538463
0 0.2723721590909091 0.3418269230769231 0.019886363636363636 0.027884615384615386
0 0.21413352272727273 0.5134615384615384 0.01775568181818182 0.025
0 0.5845170454545454 0.26826923076923076 0.022017045454545456 0.025961538461538463
0 0.8721590909090909 0.2 0.01775568181818182 0.023076923076923078
0 0.07279829545454546 0.4485576923076923 0.022017045454545456 0.027884615384615386
0 0.17329545454545456 0.7514423076923077 0.022017045454545456 0.025961538461538463
1 0.8469460227272727 0.24182692307692308 0.017045454545454544 0.022115384615384617
0 0.9911221590909091 0.1110576923076923 0.017045454545454544 0.02980769230769231
0 0.8011363636363636 0.6932692307692307 0.019886363636363636 0.032692307692307694
0 0.11754261363636363 0.7326923076923076 0.019886363636363636 0.025961538461538463
0 0.234375 0.3105769230769231 0.018465909090909092 0.023076923076923078
0 0.4797585227272727 0.5004807692307692 0.022727272727272728 0.027884615384615386
0 0.7709517045454546 0.14038461538461539 0.017045454545454544 0.025961538461538463
0 0.9296875 0.10192307692307692 0.020596590909090908 0.03173076923076923
0 0.7017045454545454 0.3591346153846154 0.02130681818181818 0.025961538461538463
0 0.84765625 0.2605769230769231 0.019176136363636364 0.02403846153846154
1 0.19211647727272727 0.5480769230769231 0.01775568181818182 0.025
0 0.9098011363636364 0.9875 0.018465909090909092 0.022115384615384617
0 0.18217329545454544 0.5600961538461539 0.019886363636363636 0.025961538461538463
0 0.36683238636363635 0.46105769230769234 0.022017045454545456 0.025961538461538463
0 0.3586647727272727 0.7620192307692307 0.0234375 0.02980769230769231
0 0.8426846590909091 0.4548076923076923 0.02130681818181818 0.03076923076923077
1 0.9098011363636364 0.18125 0.019886363636363636 0.026923076923076925
0 0.5578835227272727 0.8447115384615385 0.022727272727272728 0.03365384615384615
1 0.7613636363636364 0.6158653846153846 0.022727272727272728 0.03365384615384615
0 0.3391335227272727 0.9745192307692307 0.01775568181818182 0.02403846153846154
0 0.3224431818181818 0.9182692307692307 0.022727272727272728 0.027884615384615386
0 0.4747869318181818 0.5293269230769231 0.019886363636363636 0.02980769230769231
1 0.29651988636363635 0.9235576923076924 0.0234375 0.03173076923076923
0 0.8174715909090909 0.1423076923076923 0.018465909090909092 0.02980769230769231
1 0.07528409090909091 0.3451923076923077 0.016335227272727272 0.021153846153846155
1 0.6434659090909091 0.08221153846153846 0.018465909090909092 0.025961538461538463
0 0.37357954545454547 0.33942307692307694 0.019886363636363636 0.03076923076923077
0 0.4602272727272727 0.8533653846153846 0.019176136363636364 0.02403846153846154