1 0.5344460227272727 0.5302884615384615 0.016335227272727272 0.021153846153846155
1 0.8835227272727273 0.9192307692307692 0.016335227272727272 0.022115384615384617
1 0.6313920454545454 0.6225961538461539 0.019176136363636364 0.025961538461538463
1 0.8394886363636364 0.7754807692307693 0.018465909090909092 0.025
1 0.9396306818181818 0.35144230769230766 0.016335227272727272 0.021153846153846155
1 0.8444602272727273 0.05336538461538461 0.017045454545454544 0.023076923076923078
1 0.14204545454545456 0.5889423076923077 0.018465909090909092 0.02403846153846154
1 0.4229403409090909 0.6139423076923077 0.017045454545454544 0.023076923076923078
1 0.5827414772727273 0.6629807692307692 0.01775568181818182 0.02403846153846154
1 0.7407670454545454 0.8466346153846154 0.016335227272727272 0.022115384615384617
1 0.96484375 0.6548076923076923 0.017045454545454544 0.02403846153846154
1 0.4549005681818182 0.052884615384615384 0.016335227272727272 0.022115384615384617
1 0.49644886363636365 0.9745192307692307 0.016335227272727272 0.021153846153846155
1 0.033735795454545456 0.9610576923076923 0.0234375 0.02980769230769231
1 0.9477982954545454 0.2923076923076923 0.017045454545454544 0.022115384615384617
1 0.6360085227272727 0.6644230769230769 0.020596590909090908 0.026923076923076925
1 0.7389914772727273 0.17307692307692307 0.018465909090909092 0.02403846153846154
1 0.4453125 0.6774038461538462 0.019176136363636364 0.025961538461538463
1 0.8277698863636364 0.5375 0.019176136363636364 0.025961538461538463
1 0.5969460227272727 0.9197115384615384 0.017045454545454544 0.021153846153846155
1 0.6079545454545454 0.2423076923076923 0.018465909090909092 0.025
1 0.6331676136363636 0.9182692307692307 0.02130681818181818 0.027884615384615386
1 0.9289772727272727 0.8485576923076923 0.01775568181818182 0.02403846153846154
1 0.9762073863636364 0.8764423076923077 0.014914772727272728 0.021153846153846155
1 0.8291903409090909 0.9283653846153846 0.022017045454545456 0.028846153846153848
1 0.00887784090909091 0.5932692307692308 0.017045454545454544 0.023076923076923078
1 0.9811789772727273 0.06826923076923076 0.019886363636363636 0.026923076923076925
1 0.6693892045454546 0.79375 0.013494318181818182 0.019230769230769232
1 0.3103693181818182 0.7663461538461539 0.015625 0.021153846153846155
1 0.3327414772727273 0.5293269230769231 0.02130681818181818 0.027884615384615386
1 0.765625 0.3153846153846154 0.02130681818181818 0.028846153846153848
1 0.3068181818181818 0.38269230769230766 0.015625 0.021153846153846155
1 0.3036221590909091 0.6649038461538461 0.016335227272727272 0.022115384615384617
1 0.9225852272727273 0.03894230769230769 0.016335227272727272 0.021153846153846155
1 0.7755681818181818 0.06442307692307692 0.02130681818181818 0.027884615384615386
1 0.8156960227272727 0.7375 0.015625 0.021153846153846155
1 0.7741477272727273 0.6879807692307692 0.014204545454545454 0.019230769230769232
1 0.23579545454545456 0.5086538461538461 0.017045454545454544 0.022115384615384617
1 0.43323863636363635 0.56875 0.019886363636363636 0.025961538461538463
1 0.43998579545454547 0.3870192307692308 0.017045454545454544 0.02403846153846154
1 0.6906960227272727 0.4283653846153846 0.015625 0.021153846153846155
1 0.8728693181818182 0.17692307692307693 0.016335227272727272 0.021153846153846155
1 0.6047585227272727 0.55625 0.01775568181818182 0.022115384615384617
1 0.3132102272727273 0.8836538461538461 0.015625 0.020192307692307693
1 0.7020596590909091 0.8509615384615384 0.015625 0.021153846153846155
1 0.13032670454545456 0.5447115384615384 0.022017045454545456 0.028846153846153848
1 0.8938210227272727 0.05096153846153846 0.017045454545454544 0.022115384615384617
1 0.03586647727272727 0.9153846153846154 0.020596590909090908 0.026923076923076925
1 0.4016335227272727 0.4894230769230769 0.015625 0.021153846153846155
1 0.7816051136363636 0.5956730769230769 0.015625 0.021153846153846155
1 0.9886363636363636 0.6408653846153847 0.02130681818181818 0.027884615384615386
1 0.8238636363636364 0.28125 0.020596590909090908 0.027884615384615386
1 0.6882102272727273 0.7004807692307692 0.014914772727272728 0.020192307692307693
1 0.8174715909090909 0.11346153846153846 0.019176136363636364 0.025
1 0.9666193181818182 0.30432692307692305 0.01775568181818182 0.02403846153846154
1 0.4953835227272727 0.5504807692307693 0.016335227272727272 0.022115384615384617
1 0.5326704545454546 0.6168269230769231 0.014914772727272728 0.019230769230769232
1 0.11647727272727272 0.8269230769230769 0.01775568181818182 0.025
1 0.4541903409090909 0.41057692307692306 0.018465909090909092 0.025961538461538463
1 0.7336647727272727 0.4576923076923077 0.019176136363636364 0.025961538461538463
1 0.21342329545454544 0.7557692307692307 0.016335227272727272 0.022115384615384617
1 0.3192471590909091 0.17067307692307693 0.018465909090909092 0.02403846153846154
1 0.04580965909090909 0.6615384615384615 0.018465909090909092 0.025
1 0.5149147727272727 0.3971153846153846 0.015625 0.023076923076923078
1 0.1512784090909091 0.6865384615384615 0.024857954545454544 0.035576923076923075
1 0.4932528409090909 0.2860576923076923 0.013494318181818182 0.019230769230769232
1 0.7780539772727273 0.6524038461538462 0.017045454545454544 0.022115384615384617
1 0.17933238636363635 0.33413461538461536 0.016335227272727272 0.023076923076923078
1 0.38423295454545453 0.7350961538461539 0.015625 0.021153846153846155
1 0.46732954545454547 0.9673076923076923 0.014914772727272728 0.020192307692307693
1 0.7389914772727273 0.026923076923076925 0.019886363636363636 0.025961538461538463
1 0.6942471590909091 0.6543269230769231 0.016335227272727272 0.022115384615384617
1 0.048295454545454544 0.08365384615384615 0.016335227272727272 0.020192307692307693
1 0.3142755681818182 0.1466346153846154 0.015625 0.022115384615384617
1 0.5110085227272727 0.8629807692307693 0.014914772727272728 0.019230769230769232
1 0.9396306818181818 0.9081730769230769 0.01775568181818182 0.022115384615384617
1 0.4147727272727273 0.2519230769230769 0.015625 0.020192307692307693
1 0.24680397727272727 0.9120192307692307 0.018465909090909092 0.025
1 0.8540482954545454 0.5269230769230769 0.016335227272727272 0.021153846153846155
1 0.5699573863636364 0.48653846153846153 0.017045454545454544 0.023076923076923078
1 0.5170454545454546 0.7538461538461538 0.016335227272727272 0.021153846153846155
1 0.5049715909090909 0.6629807692307692 0.018465909090909092 0.02403846153846154
1 0.3817471590909091 0.24759615384615385 0.016335227272727272 0.022115384615384617
1 0.061079545454545456 0.7024038461538461 0.026278409090909092 0.03461538461538462
1 0.8767755681818182 0.05 0.016335227272727272 0.021153846153846155
1 0.16938920454545456 0.9307692307692308 0.014204545454545454 0.01826923076923077
1 0.8071732954545454 0.49759615384615385 0.017045454545454544 0.021153846153846155
1 0.2663352272727273 0.55 0.01775568181818182 0.023076923076923078
1 0.8909801136363636 0.7730769230769231 0.018465909090909092 0.025
1 0.014204545454545454 0.9514423076923076 0.01775568181818182 0.023076923076923078
1 0.4133522727272727 0.035096153846153846 0.014204545454545454 0.019230769230769232
1 0.02911931818181818 0.6802884615384616 0.020596590909090908 0.028846153846153848
1 0.7098721590909091 0.3004807692307692 0.018465909090909092 0.027884615384615386
1 0.6846590909090909 0.4947115384615385 0.016335227272727272 0.020192307692307693
1 0.9833096590909091 0.3625 0.019176136363636364 0.02403846153846154
1 0.84765625 0.8004807692307693 0.02130681818181818 0.027884615384615386
1 0.8547585227272727 0.2865384615384615 0.016335227272727272 0.021153846153846155
1 0.2567471590909091 0.7625 0.014914772727272728 0.020192307692307693
1 0.359375 0.5423076923076923 0.014914772727272728 0.019230769230769232
1 0.9193892045454546 0.78125 0.020596590909090908 0.025961538461538463
1 0.30042613636363635 0.8105769230769231 0.016335227272727272 0.022115384615384617
1 0.8025568181818182 0.05576923076923077 0.018465909090909092 0.026923076923076925
1 0.4786931818181818 0.475 0.016335227272727272 0.023076923076923078
1 0.9744318181818182 0.6091346153846153 0.02130681818181818 0.027884615384615386
1 0.14417613636363635 0.06634615384615385 0.018465909090909092 0.02403846153846154
1 0.5411931818181818 0.45384615384615384 0.019176136363636364 0.025961538461538463
1 0.21875 0.9028846153846154 0.016335227272727272 0.022115384615384617
1 0.7670454545454546 0.40865384615384615 0.014204545454545454 0.019230769230769232
1 0.2531960227272727 0.023076923076923078 0.016335227272727272 0.023076923076923078
1 0.6647727272727273 0.20336538461538461 0.019176136363636364 0.027884615384615386
1 0.19673295454545456 0.625 0.017045454545454544 0.022115384615384617
1 0.1729403409090909 0.09711538461538462 0.017045454545454544 0.021153846153846155
1 0.18181818181818182 0.15240384615384617 0.015625 0.021153846153846155
1 0.7581676136363636 0.9754807692307692 0.019176136363636364 0.025
1 0.3348721590909091 0.7951923076923076 0.014204545454545454 0.019230769230769232
1 0.6608664772727273 0.5879807692307693 0.015625 0.022115384615384617
1 0.6700994318181818 0.2923076923076923 0.01775568181818182 0.022115384615384617
1 0.6839488636363636 0.8346153846153846 0.01775568181818182 0.023076923076923078
1 0.8029119318181818 0.2658653846153846 0.018465909090909092 0.025
1 0.16477272727272727 0.55625 0.01775568181818182 0.02403846153846154
1 0.5248579545454546 0.7879807692307692 0.016335227272727272 0.021153846153846155
1 0.3135653409090909 0.7471153846153846 0.014914772727272728 0.020192307692307693
1 0.5933948863636364 0.8783653846153846 0.01775568181818182 0.02403846153846154
1 0.05433238636363636 0.8889423076923076 0.017045454545454544 0.02403846153846154
1 0.6200284090909091 0.11682692307692308 0.019176136363636364 0.025
1 0.11541193181818182 0.7298076923076923 0.015625 0.020192307692307693
1 0.13139204545454544 0.8057692307692308 0.016335227272727272 0.021153846153846155
1 0.17258522727272727 0.7413461538461539 0.015625 0.021153846153846155
1 0.16832386363636365 0.30865384615384617 0.017045454545454544 0.02403846153846154
1 0.3650568181818182 0.9346153846153846 0.017045454545454544 0.02403846153846154
1 0.4382102272727273 0.22596153846153846 0.018465909090909092 0.025961538461538463
1 0.8444602272727273 0.33125 0.019886363636363636 0.025
1 0.12038352272727272 0.04326923076923077 0.016335227272727272 0.021153846153846155
1 0.38671875 0.8427884615384615 0.017045454545454544 0.02403846153846154
1 0.5933948863636364 0.5894230769230769 0.014914772727272728 0.019230769230769232
1 0.1317471590909091 0.3350961538461538 0.014914772727272728 0.020192307692307693
1 0.44673295454545453 0.6543269230769231 0.016335227272727272 0.020192307692307693
1 0.3544034090909091 0.33125 0.01775568181818182 0.023076923076923078
1 0.1629971590909091 0.05625 0.022017045454545456 0.02980769230769231
1 0.64453125 0.5894230769230769 0.016335227272727272 0.021153846153846155
1 0.1551846590909091 0.8105769230769231 0.018465909090909092 0.025961538461538463
1 0.9616477272727273 0.825 0.019886363636363636 0.025961538461538463
1 0.9474431818181818 0.98125 0.016335227272727272 0.022115384615384617
1 0.5404829545454546 0.8201923076923077 0.019176136363636364 0.026923076923076925
1 0.8192471590909091 0.8899038461538461 0.01775568181818182 0.022115384615384617
1 0.3352272727272727 0.027403846153846154 0.020596590909090908 0.026923076923076925
1 0.8000710227272727 0.89375 0.018465909090909092 0.025961538461538463
1 0.7585227272727273 0.7254807692307692 0.017045454545454544 0.02403846153846154
1 0.6928267045454546 0.19326923076923078 0.01775568181818182 0.023076923076923078
1 0.4758522727272727 0.12980769230769232 0.015625 0.022115384615384617
1 0.6193181818181818 0.7620192307692307 0.015625 0.021153846153846155
1 0.9367897727272727 0.4076923076923077 0.019176136363636364 0.025
1 0.013494318181818182 0.07067307692307692 0.016335227272727272 0.023076923076923078
1 0.6871448863636364 0.5706730769230769 0.018465909090909092 0.025
1 0.8746448863636364 0.6798076923076923 0.022727272727272728 0.03076923076923077
1 0.18146306818181818 0.5586538461538462 0.01775568181818182 0.023076923076923078
1 0.9811789772727273 0.39326923076923076 0.016335227272727272 0.021153846153846155
1 0.1690340909090909 0.28173076923076923 0.017045454545454544 0.023076923076923078
1 0.2354403409090909 0.425 0.018465909090909092 0.027884615384615386
1 0.5049715909090909 0.22451923076923078 0.019176136363636364 0.025961538461538463
1 0.8515625 0.6004807692307692 0.020596590909090908 0.027884615384615386
1 0.5660511363636364 0.21875 0.019886363636363636 0.028846153846153848
1 0.8046875 0.3995192307692308 0.015625 0.020192307692307693
1 0.39808238636363635 0.8014423076923077 0.015625 0.021153846153846155
1 0.4968039772727273 0.6865384615384615 0.020596590909090908 0.025961538461538463
1 0.49183238636363635 0.8206730769230769 0.016335227272727272 0.022115384615384617
1 0.1278409090909091 0.37067307692307694 0.016335227272727272 0.022115384615384617
1 0.6313920454545454 0.10096153846153846 0.015625 0.021153846153846155
1 0.07244318181818182 0.007211538461538462 0.016335227272727272 0.014423076923076924
1 0.13600852272727273 0.8254807692307692 0.017045454545454544 0.023076923076923078
1 0.3302556818181818 0.9831730769230769 0.015625 0.020192307692307693
1 0.17045454545454544 0.16442307692307692 0.01775568181818182 0.02403846153846154
1 0.9904119318181818 0.8009615384615385 0.017045454545454544 0.02403846153846154
1 0.20703125 0.30288461538461536 0.019886363636363636 0.025961538461538463
1 0.23792613636363635 0.6788461538461539 0.019886363636363636 0.022115384615384617
1 0.29154829545454547 0.6302884615384615 0.014914772727272728 0.021153846153846155
1 0.48401988636363635 0.6677884615384615 0.018465909090909092 0.025
1 0.7819602272727273 0.9625 0.014914772727272728 0.019230769230769232
1 0.02556818181818182 0.09086538461538461 0.019176136363636364 0.025961538461538463
1 0.6232244318181818 0.9548076923076924 0.018465909090909092 0.025961538461538463
1 0.10191761363636363 0.014423076923076924 0.022017045454545456 0.028846153846153848
1 0.7457386363636364 0.058653846153846154 0.022727272727272728 0.028846153846153848
1 0.07528409090909091 0.49038461538461536 0.019176136363636364 0.02403846153846154
1 0.24005681818181818 0.01201923076923077 0.017045454545454544 0.023076923076923078
1 0.38423295454545453 0.041346153846153845 0.018465909090909092 0.023076923076923078
1 0.7049005681818182 0.5764423076923076 0.015625 0.021153846153846155
1 0.2975852272727273 0.6125 0.017045454545454544 0.021153846153846155
1 0.20276988636363635 0.20288461538461539 0.018465909090909092 0.025961538461538463
1 0.8533380681818182 0.7067307692307693 0.014204545454545454 0.021153846153846155
1 0.15021306818181818 0.7201923076923077 0.01775568181818182 0.022115384615384617
1 0.5202414772727273 0.4548076923076923 0.019176136363636364 0.026923076923076925
1 0.47265625 0.7653846153846153 0.017045454545454544 0.023076923076923078
1 0.4463778409090909 0.5884615384615385 0.019176136363636364 0.02403846153846154
1 0.5713778409090909 0.5620192307692308 0.019176136363636364 0.025
1 0.4158380681818182 0.3875 0.015625 0.020192307692307693
1 0.7457386363636364 0.5644230769230769 0.015625 0.022115384615384617
1 0.3377130681818182 0.9240384615384616 0.016335227272727272 0.022115384615384617
1 0.3156960227272727 0.6125 0.017045454545454544 0.022115384615384617
1 0.07528409090909091 0.9403846153846154 0.016335227272727272 0.021153846153846155
1 0.7063210227272727 0.5225961538461539 0.01775568181818182 0.025
1 0.6271306818181818 0.8519230769230769 0.015625 0.020192307692307693
1 0.5720880681818182 0.7639423076923076 0.019886363636363636 0.026923076923076925
1 0.9403409090909091 0.05721153846153846 0.019176136363636364 0.025961538461538463
1 0.4229403409090909 0.18125 0.018465909090909092 0.023076923076923078
1 0.5749289772727273 0.9028846153846154 0.016335227272727272 0.023076923076923078
1 0.43110795454545453 0.3264423076923077 0.01775568181818182 0.02403846153846154
1 0.11860795454545454 0.926923076923077 0.019176136363636364 0.025961538461538463
1 0.4588068181818182 0.13798076923076924 0.019886363636363636 0.025961538461538463
1 0.6409801136363636 0.8831730769230769 0.014914772727272728 0.020192307692307693
1 0.3487215909090909 0.15048076923076922 0.01775568181818182 0.023076923076923078
1 0.44566761363636365 0.8057692307692308 0.017045454545454544 0.02403846153846154
1 0.2844460227272727 0.2201923076923077 0.015625 0.020192307692307693
1 0.4012784090909091 0.32067307692307695 0.016335227272727272 0.022115384615384617
1 0.37926136363636365 0.3836538461538462 0.017045454545454544 0.021153846153846155
1 0.46910511363636365 0.6475961538461539 0.016335227272727272 0.021153846153846155
1 0.3469460227272727 0.058653846153846154 0.022727272727272728 0.02980769230769231
1 0.8611505681818182 0.8394230769230769 0.017045454545454544 0.022115384615384617
1 0.5919744318181818 0.7586538461538461 0.016335227272727272 0.022115384615384617
1 0.20525568181818182 0.6086538461538461 0.01775568181818182 0.02403846153846154
1 0.7578125 0.41923076923076924 0.014204545454545454 0.020192307692307693
1 0.7972301136363636 0.56875 0.014204545454545454 0.021153846153846155
1 0.10901988636363637 0.33365384615384613 0.018465909090909092 0.023076923076923078
1 0.8977272727272727 0.8 0.019886363636363636 0.028846153846153848
1 0.4005681818181818 0.3403846153846154 0.014914772727272728 0.020192307692307693
1 0.8299005681818182 0.9706730769230769 0.019176136363636364 0.026923076923076925
1 0.2684659090909091 0.6298076923076923 0.015625 0.020192307692307693
1 0.9147727272727273 0.5740384615384615 0.01775568181818182 0.02403846153846154
1 0.9449573863636364 0.7240384615384615 0.019886363636363636 0.028846153846153848
1 0.1612215909090909 0.4875 0.01775568181818182 0.023076923076923078
1 0.32457386363636365 0.9567307692307693 0.019176136363636364 0.025
1 0.6495028409090909 0.31875 0.017045454545454544 0.023076923076923078
1 0.6580255681818182 0.3331730769230769 0.014914772727272728 0.020192307692307693
1 0.6899857954545454 0.27884615384615385 0.017045454545454544 0.022115384615384617
1 0.1612215909090909 0.20528846153846153 0.019886363636363636 0.025961538461538463
1 0.9950284090909091 0.5408653846153846 0.009943181818181818 0.026923076923076925
1 0.6963778409090909 0.24759615384615385 0.018465909090909092 0.02403846153846154
1 0.7954545454545454 0.8519230769230769 0.01775568181818182 0.023076923076923078
1 0.6796875 0.8605769230769231 0.018465909090909092 0.023076923076923078
1 0.21058238636363635 0.12740384615384615 0.017045454545454544 0.023076923076923078
1 0.8032670454545454 0.4168269230769231 0.014204545454545454 0.019230769230769232
1 0.07741477272727272 0.9663461538461539 0.014914772727272728 0.021153846153846155
1 0.2595880681818182 0.6461538461538462 0.017045454545454544 0.021153846153846155
1 0.3874289772727273 0.17932692307692308 0.016335227272727272 0.023076923076923078
1 0.9098011363636364 0.5947115384615385 0.014914772727272728 0.020192307692307693
1 0.27201704545454547 0.3144230769230769 0.016335227272727272 0.021153846153846155
1 0.2940340909090909 0.40865384615384615 0.018465909090909092 0.025
1 0.859375 0.7370192307692308 0.019176136363636364 0.023076923076923078
1 0.8924005681818182 0.5317307692307692 0.017045454545454544 0.022115384615384617
1 0.8615056818181818 0.8951923076923077 0.01775568181818182 0.02403846153846154
1 0.8739346590909091 0.8625 0.017045454545454544 0.023076923076923078
1 0.9932528409090909 0.04375 0.013494318181818182 0.022115384615384617
1 0.11115056818181818 0.6 0.020596590909090908 0.026923076923076925
1 0.7095170454545454 0.20288461538461539 0.016335227272727272 0.020192307692307693
1 0.26420454545454547 0.16346153846153846 0.015625 0.019230769230769232
1 0.14879261363636365 0.16923076923076924 0.018465909090909092 0.02403846153846154
1 0.39026988636363635 0.40625 0.015625 0.022115384615384617
1 0.91015625 0.08653846153846154 0.016335227272727272 0.022115384615384617
1 0.06498579545454546 0.4221153846153846 0.016335227272727272 0.022115384615384617
1 0.6097301136363636 0.4168269230769231 0.014204545454545454 0.01826923076923077
1 0.5944602272727273 0.7038461538461539 0.01775568181818182 0.023076923076923078
1 0.42151988636363635 0.5115384615384615 0.022727272727272728 0.02980769230769231
1 0.44176136363636365 0.012980769230769231 0.019176136363636364 0.02403846153846154
1 0.5685369318181818 0.06682692307692308 0.015625 0.020192307692307693
1 0.26811079545454547 0.014423076923076924 0.017045454545454544 0.022115384615384617
1 0.9296875 0.01730769230769231 0.017045454545454544 0.022115384615384617
1 0.9900568181818182 0.9206730769230769 0.018465909090909092 0.026923076923076925
1 0.8696732954545454 0.8168269230769231 0.015625 0.022115384615384617
1 0.2215909090909091 0.11153846153846154 0.018465909090909092 0.022115384615384617
1 0.07102272727272728 0.1360576923076923 0.017045454545454544 0.023076923076923078
1 0.022372159090909092 0.01971153846153846 0.01775568181818182 0.025
1 0.1395596590909091 0.9625 0.016335227272727272 0.019230769230769232
1 0.6502130681818182 0.4423076923076923 0.017045454545454544 0.023076923076923078
1 0.8377130681818182 0.2125 0.017045454545454544 0.022115384615384617
1 0.3231534090909091 0.3528846153846154 0.019176136363636364 0.02403846153846154
1 0.5752840909090909 0.3216346153846154 0.016335227272727272 0.023076923076923078
1 0.06569602272727272 0.38846153846153847 0.019176136363636364 0.025961538461538463
1 0.21910511363636365 0.39663461538461536 0.017045454545454544 0.02403846153846154
1 0.7872869318181818 0.6740384615384616 0.015625 0.021153846153846155
1 0.26704545454545453 0.7692307692307693 0.014914772727272728 0.020192307692307693
1 0.3856534090909091 0.36778846153846156 0.015625 0.020192307692307693
1 0.2521306818181818 0.2360576923076923 0.015625 0.021153846153846155
1 0.07492897727272728 0.43846153846153846 0.018465909090909092 0.02403846153846154
1 0.35901988636363635 0.10673076923076923 0.016335227272727272 0.022115384615384617
1 0.04296875 0.8456730769230769 0.022017045454545456 0.027884615384615386
1 0.42151988636363635 0.7019230769230769 0.019176136363636364 0.025
1 0.21732954545454544 0.6307692307692307 0.017045454545454544 0.023076923076923078
1 0.3302556818181818 0.12307692307692308 0.017045454545454544 0.022115384615384617
1 0.3313210227272727 0.2932692307692308 0.01775568181818182 0.025
1 0.7833806818181818 0.5370192307692307 0.015625 0.020192307692307693
1 0.21910511363636365 0.4230769230769231 0.015625 0.022115384615384617
1 0.12677556818181818 0.008173076923076924 0.019176136363636364 0.016346153846153847
1 0.2645596590909091 0.5269230769230769 0.018465909090909092 0.023076923076923078
1 0.9389204545454546 0.5211538461538462 0.018465909090909092 0.025
1 0.5287642045454546 0.9432692307692307 0.014914772727272728 0.01826923076923077
1 0.9009232954545454 0.6072115384615384 0.014914772727272728 0.020192307692307693
1 0.80859375 0.5735576923076923 0.014204545454545454 0.020192307692307693
1 0.19176136363636365 0.6846153846153846 0.016335227272727272 0.021153846153846155
1 0.421875 0.23509615384615384 0.016335227272727272 0.022115384615384617
1 0.1825284090909091 0.23990384615384616 0.017045454545454544 0.025
1 0.5958806818181818 0.7350961538461539 0.019886363636363636 0.025961538461538463
1 0.44957386363636365 0.6322115384615384 0.015625 0.023076923076923078
1 0.2531960227272727 0.5875 0.022017045454545456 0.03076923076923077
1 0.7272727272727273 0.08798076923076924 0.015625 0.020192307692307693
1 0.203125 0.28028846153846154 0.017045454545454544 0.022115384615384617
1 0.11647727272727272 0.12403846153846154 0.01775568181818182 0.023076923076923078
1 0.2801846590909091 0.20288461538461539 0.014914772727272728 0.021153846153846155
1 0.7116477272727273 0.22692307692307692 0.015625 0.019230769230769232
1 0.8924005681818182 0.510576923076923 0.016335227272727272 0.021153846153846155
1 0.359375 0.13509615384615384 0.017045454545454544 0.022115384615384617
1 0.4385653409090909 0.41923076923076924 0.015625 0.022115384615384617
1 0.5600142045454546 0.8923076923076924 0.019886363636363636 0.027884615384615386
1 0.12002840909090909 0.1 0.02130681818181818 0.02980769230769231
1 0.18217329545454544 0.5350961538461538 0.017045454545454544 0.02403846153846154
1 0.36754261363636365 0.29951923076923076 0.015625 0.021153846153846155
1 0.37144886363636365 0.07451923076923077 0.019886363636363636 0.025961538461538463
1 0.3142755681818182 0.05336538461538461 0.018465909090909092 0.02403846153846154
1 0.8338068181818182 0.17932692307692308 0.019176136363636364 0.025
1 0.6938920454545454 0.8115384615384615 0.018465909090909092 0.025
1 0.17826704545454544 0.4360576923076923 0.01775568181818182 0.025
1 0.08700284090909091 0.13509615384615384 0.016335227272727272 0.021153846153846155
1 0.8995028409090909 0.22403846153846155 0.018465909090909092 0.025961538461538463
1 0.9655539772727273 0.7509615384615385 0.019176136363636364 0.025
1 0.032670454545454544 0.42788461538461536 0.016335227272727272 0.02403846153846154
1 0.9378551136363636 0.5466346153846153 0.016335227272727272 0.021153846153846155
1 0.08700284090909091 0.40625 0.016335227272727272 0.023076923076923078
1 0.018110795454545456 0.4235576923076923 0.014914772727272728 0.021153846153846155
1 0.6899857954545454 0.5293269230769231 0.015625 0.021153846153846155
1 0.34907670454545453 0.1201923076923077 0.016335227272727272 0.022115384615384617
1 0.27308238636363635 0.35625 0.0234375 0.03076923076923077
1 0.33984375 0.1346153846153846 0.015625 0.021153846153846155
1 0.3064630681818182 0.6413461538461539 0.01775568181818182 0.023076923076923078
1 0.39701704545454547 0.3875 0.017045454545454544 0.023076923076923078
1 0.3856534090909091 0.33990384615384617 0.017045454545454544 0.02403846153846154
1 0.7247869318181818 0.7076923076923077 0.014204545454545454 0.019230769230769232
1 0.9936079545454546 0.7182692307692308 0.012073863636363636 0.019230769230769232
1 0.032670454545454544 0.37259615384615385 0.015625 0.021153846153846155
1 0.2645596590909091 0.038461538461538464 0.016335227272727272 0.022115384615384617
1 0.044744318181818184 0.4254807692307692 0.013494318181818182 0.01826923076923077
1 0.76953125 0.5716346153846154 0.017045454545454544 0.021153846153846155
1 0.9751420454545454 0.9086538461538461 0.01775568181818182 0.025
1 0.7762784090909091 0.3764423076923077 0.022017045454545456 0.028846153846153848
1 0.6136363636363636 0.29759615384615384 0.017045454545454544 0.02403846153846154
1 0.8625710227272727 0.05144230769230769 0.015625 0.021153846153846155
1 0.8178267045454546 0.9865384615384616 0.01775568181818182 0.023076923076923078
1 0.58984375 0.3144230769230769 0.015625 0.021153846153846155
1 0.9875710227272727 0.9576923076923077 0.016335227272727272 0.022115384615384617
1 0.08238636363636363 0.69375 0.015625 0.020192307692307693
1 0.4655539772727273 0.6259615384615385 0.017045454545454544 0.02403846153846154
1 0.7318892045454546 0.42932692307692305 0.018465909090909092 0.025961538461538463
1 0.15589488636363635 0.5302884615384615 0.022727272727272728 0.03076923076923077
1 0.6487926136363636 0.8591346153846153 0.014914772727272728 0.022115384615384617
1 0.7879971590909091 0.7360576923076924 0.016335227272727272 0.021153846153846155
1 0.9957386363636364 0.7552884615384615 0.008522727272727272 0.019230769230769232
1 0.2549715909090909 0.005288461538461539 0.018465909090909092 0.010576923076923078
1 0.2002840909090909 0.5350961538461538 0.018465909090909092 0.025
1 0.46519886363636365 0.32548076923076924 0.014914772727272728 0.022115384615384617
1 0.171875 0.7225961538461538 0.016335227272727272 0.021153846153846155
1 0.47123579545454547 0.7865384615384615 0.015625 0.020192307692307693
1 0.5649857954545454 0.04519230769230769 0.019886363636363636 0.025
1 0.4943181818181818 0.16105769230769232 0.019886363636363636 0.025961538461538463
1 0.19708806818181818 0.16346153846153846 0.018465909090909092 0.025
1 0.7137784090909091 0.4360576923076923 0.020596590909090908 0.027884615384615386
1 0.61328125 0.8774038461538461 0.018465909090909092 0.025
1 0.5688920454545454 0.16346153846153846 0.014204545454545454 0.020192307692307693
1 0.17151988636363635 0.7009615384615384 0.020596590909090908 0.025961538461538463
1 0.8874289772727273 0.6543269230769231 0.01775568181818182 0.02403846153846154
1 0.5983664772727273 0.29951923076923076 0.014914772727272728 0.020192307692307693
1 0.6754261363636364 0.13125 0.01775568181818182 0.023076923076923078
1 0.0859375 0.7475961538461539 0.016335227272727272 0.023076923076923078
1 0.9694602272727273 0.7216346153846154 0.017045454545454544 0.023076923076923078
1 0.39026988636363635 0.07163461538461538 0.01775568181818182 0.02403846153846154
1 0.05965909090909091 0.635576923076923 0.017045454545454544 0.023076923076923078
1 0.9357244318181818 0.08028846153846154 0.016335227272727272 0.022115384615384617
1 0.9659090909090909 0.4014423076923077 0.016335227272727272 0.020192307692307693
1 0.42720170454545453 0.4009615384615385 0.014914772727272728 0.021153846153846155
1 0.671875 0.26634615384615384 0.02130681818181818 0.028846153846153848
1 0.9836647727272727 0.7288461538461538 0.015625 0.022115384615384617
0 0.5411931818181818 0.9009615384615385 0.019886363636363636 0.02980769230769231
1 0.13813920454545456 0.3173076923076923 0.015625 0.021153846153846155
1 0.5411931818181818 0.275 0.018465909090909092 0.02403846153846154
1 0.1924715909090909 0.6620192307692307 0.019886363636363636 0.023076923076923078
1 0.49857954545454547 0.9370192307692308 0.020596590909090908 0.026923076923076925
1 0.2901278409090909 0.7543269230769231 0.018465909090909092 0.025
1 0.5454545454545454 0.8528846153846154 0.015625 0.020192307692307693
1 0.5646306818181818 0.09038461538461538 0.017045454545454544 0.023076923076923078
1 0.12428977272727272 0.18221153846153845 0.018465909090909092 0.02403846153846154
1 0.9005681818181818 0.9014423076923077 0.014204545454545454 0.019230769230769232
1 0.24467329545454544 0.6211538461538462 0.019176136363636364 0.027884615384615386
1 0.7141335227272727 0.4081730769230769 0.018465909090909092 0.023076923076923078
1 0.41796875 0.8283653846153847 0.019176136363636364 0.02403846153846154
1 0.32066761363636365 0.07403846153846154 0.016335227272727272 0.021153846153846155
1 0.2734375 0.18701923076923077 0.014204545454545454 0.019230769230769232
1 0.8132102272727273 0.5528846153846154 0.01775568181818182 0.02403846153846154
1 0.7173295454545454 0.25432692307692306 0.01775568181818182 0.026923076923076925
1 0.8160511363636364 0.8682692307692308 0.015625 0.022115384615384617
1 0.8412642045454546 0.7168269230769231 0.019176136363636364 0.027884615384615386
1 0.20738636363636365 0.18028846153846154 0.015625 0.022115384615384617
1 0.9669744318181818 0.14086538461538461 0.016335227272727272 0.021153846153846155
1 0.4950284090909091 0.12740384615384615 0.014914772727272728 0.020192307692307693
1 0.11292613636363637 0.16490384615384615 0.016335227272727272 0.023076923076923078
1 0.23295454545454544 0.635576923076923 0.016335227272727272 0.022115384615384617
1 0.09090909090909091 0.175 0.016335227272727272 0.020192307692307693
1 0.3732244318181818 0.6375 0.017045454545454544 0.02403846153846154
1 0.08629261363636363 0.35625 0.016335227272727272 0.022115384615384617
1 0.18892045454545456 0.2201923076923077 0.016335227272727272 0.022115384615384617
1 0.15056818181818182 0.47115384615384615 0.014914772727272728 0.020192307692307693
1 0.2975852272727273 0.12211538461538461 0.01775568181818182 0.02403846153846154
1 0.3966619318181818 0.8235576923076923 0.016335227272727272 0.022115384615384617
1 0.1356534090909091 0.15096153846153845 0.014914772727272728 0.021153846153846155
1 0.5227272727272727 0.04807692307692308 0.018465909090909092 0.02403846153846154
1 0.6960227272727273 0.9600961538461539 0.013494318181818182 0.019230769230769232
1 0.06285511363636363 0.15625 0.016335227272727272 0.023076923076923078
1 0.4112215909090909 0.8091346153846154 0.015625 0.021153846153846155
1 0.17151988636363635 0.22548076923076923 0.017045454545454544 0.022115384615384617
1 0.3153409090909091 0.11057692307692307 0.015625 0.019230769230769232
1 0.14488636363636365 0.3423076923076923 0.013494318181818182 0.01826923076923077
1 0.6072443181818182 0.7514423076923077 0.014204545454545454 0.020192307692307693
1 0.9921875 0.10865384615384616 0.014914772727272728 0.025
1 0.20561079545454544 0.09615384615384616 0.018465909090909092 0.025
1 0.9769176136363636 0.11778846153846154 0.018465909090909092 0.026923076923076925
1 0.6761363636363636 0.8168269230769231 0.014204545454545454 0.020192307692307693
1 0.01065340909090909 0.33028846153846153 0.019176136363636364 0.02403846153846154
1 0.22230113636363635 0.17211538461538461 0.014914772727272728 0.022115384615384617
1 0.13636363636363635 0.10913461538461539 0.016335227272727272 0.02403846153846154
1 0.9627130681818182 0.07019230769230769 0.016335227272727272 0.02403846153846154
1 0.29545454545454547 0.025 0.015625 0.022115384615384617
1 0.26811079545454547 0.2466346153846154 0.015625 0.021153846153846155
1 0.859375 0.21009615384615385 0.017045454545454544 0.022115384615384617
1 0.5202414772727273 0.49615384615384617 0.018465909090909092 0.025961538461538463
1 0.9303977272727273 0.14951923076923077 0.013494318181818182 0.019230769230769232
1 0.5735085227272727 0.5370192307692307 0.017045454545454544 0.02403846153846154
1 0.7290482954545454 0.9610576923076923 0.013494318181818182 0.019230769230769232
1 0.13636363636363635 0.13125 0.015625 0.023076923076923078
1 0.2844460227272727 0.009615384615384616 0.01775568181818182 0.019230769230769232
1 0.8824573863636364 0.0125 0.018465909090909092 0.025
1 0.14204545454545456 0.37932692307692306 0.017045454545454544 0.023076923076923078
1 0.5713778409090909 0.7259615384615384 0.017045454545454544 0.022115384615384617
1 0.011008522727272728 0.40528846153846154 0.017045454545454544 0.020192307692307693
1 0.9808238636363636 0.16298076923076923 0.01775568181818182 0.023076923076923078
1 0.95703125 0.9004807692307693 0.015625 0.021153846153846155
1 0.15269886363636365 0.1485576923076923 0.018465909090909092 0.025
1 0.9360795454545454 0.4625 0.015625 0.022115384615384617
1 0.44779829545454547 0.770673076923077 0.018465909090909092 0.026923076923076925
1 0.9488636363636364 0.1596153846153846 0.016335227272727272 0.022115384615384617
1 0.9421164772727273 0.11682692307692308 0.014914772727272728 0.021153846153846155
1 0.8551136363636364 0.8620192307692308 0.018465909090909092 0.02403846153846154
1 0.01171875 0.7038461538461539 0.019886363636363636 0.028846153846153848
1 0.9161931818181818 0.6153846153846154 0.018465909090909092 0.025
1 0.5578835227272727 0.19134615384615383 0.018465909090909092 0.025961538461538463
1 0.31285511363636365 0.4028846153846154 0.014914772727272728 0.020192307692307693
1 0.9350142045454546 0.16682692307692307 0.014204545454545454 0.020192307692307693
1 0.7940340909090909 0.8283653846153847 0.016335227272727272 0.023076923076923078
1 0.875 0.2125 0.017045454545454544 0.023076923076923078
1 0.11257102272727272 0.3778846153846154 0.014914772727272728 0.020192307692307693
1 0.7237215909090909 0.9418269230769231 0.014914772727272728 0.022115384615384617
1 0.7450284090909091 0.6163461538461539 0.01775568181818182 0.026923076923076925
1 0.9115767045454546 0.29759615384615384 0.02130681818181818 0.026923076923076925
1 0.12819602272727273 0.1625 0.014914772727272728 0.01826923076923077
1 0.09410511363636363 0.39134615384615384 0.014914772727272728 0.021153846153846155
1 0.5848721590909091 0.011057692307692308 0.018465909090909092 0.022115384615384617
1 0.00390625 0.9072115384615385 0.007102272727272727 0.025961538461538463
1 0.03409090909090909 0.3471153846153846 0.020596590909090908 0.027884615384615386
1 0.7258522727272727 0.5615384615384615 0.019176136363636364 0.026923076923076925
1 0.9943181818181818 0.7365384615384616 0.011363636363636364 0.021153846153846155
1 0.9424715909090909 0.1389423076923077 0.016335227272727272 0.023076923076923078
1 0.07776988636363637 0.16346153846153846 0.01775568181818182 0.025
1 0.04225852272727273 0.6350961538461538 0.014914772727272728 0.021153846153846155
1 0.2411221590909091 0.22115384615384615 0.015625 0.022115384615384617
1 0.34907670454545453 0.8721153846153846 0.018465909090909092 0.02403846153846154
1 0.91015625 0.10528846153846154 0.015625 0.020192307692307693
1 0.2833806818181818 0.2519230769230769 0.015625 0.023076923076923078
1 0.7073863636363636 0.9384615384615385 0.017045454545454544 0.021153846153846155
1 0.006036931818181818 0.020192307692307693 0.011363636363636364 0.020192307692307693
1 0.004616477272727273 0.8259615384615384 0.009232954545454546 0.025
1 0.9737215909090909 0.47644230769230766 0.019886363636363636 0.027884615384615386
0 0.5376420454545454 0.8721153846153846 0.022017045454545456 0.032692307692307694
1 0.7088068181818182 0.00625 0.017045454545454544 0.0125
1 0.9818892045454546 0.41875 0.018465909090909092 0.025
1 0.8899147727272727 0.46634615384615385 0.017045454545454544 0.022115384615384617
1 0.6040482954545454 0.7649038461538461 0.01278409090909091 0.01826923076923077
1 0.9673295454545454 0.9668269230769231 0.017045454545454544 0.028846153846153848
1 0.17649147727272727 0.4153846153846154 0.017045454545454544 0.023076923076923078
1 0.2546164772727273 0.1889423076923077 0.019886363636363636 0.027884615384615386
1 0.005326704545454545 0.04807692307692308 0.009943181818181818 0.019230769230769232
1 0.01171875 0.039259615384615386 0.014914772727272728 0.021153846153846155
1 0.22265625 0.21346153846153845 0.019886363636363636 0.025961538461538463
1 0.8799715909090909 0.48125 0.014914772727272728 0.019230769230769232
1 0.8899147727272727 0.11586538461538462 0.014914772727272728 0.020192307692307693
1 0.2677556818181818 0.22788461538461538 0.015625 0.019230769230769232
1 0.11150568181818182 0.14471153846153847 0.015625 0.022115384615384617
1 0.041193181818181816 0.6115384615384616 0.018465909090909092 0.025
1 0.4481534090909091 0.3298076923076923 0.017045454545454544 0.022115384615384617
1 0.4289772727272727 0.8052884615384616 0.018465909090909092 0.025961538461538463
1 0.9200994318181818 0.14375 0.014914772727272728 0.020192307692307693
1 0.9637784090909091 0.1605769230769231 0.016335227272727272 0.02403846153846154
1 0.21839488636363635 0.19038461538461537 0.014914772727272728 0.021153846153846155
1 0.42436079545454547 0.41923076923076924 0.014204545454545454 0.021153846153846155
1 0.7471590909090909 0.4182692307692308 0.01278409090909091 0.01826923076923077
1 0.2531960227272727 0.21201923076923077 0.014914772727272728 0.022115384615384617
1 0.6104403409090909 0.7043269230769231 0.018465909090909092 0.025961538461538463
1 0.49751420454545453 0.07548076923076923 0.013494318181818182 0.01826923076923077
1 0.2823153409090909 0.08365384615384615 0.018465909090909092 0.025
1 0.36860795454545453 0.32067307692307695 0.017045454545454544 0.023076923076923078
1 0.94921875 0.43125 0.017045454545454544 0.023076923076923078
1 0.7997159090909091 0.8716346153846154 0.017045454545454544 0.021153846153846155
1 0.2663352272727273 0.20288461538461539 0.01278409090909091 0.021153846153846155
1 0.12357954545454546 0.1423076923076923 0.014914772727272728 0.021153846153846155
1 0.3991477272727273 0.028846153846153848 0.016335227272727272 0.022115384615384617
1 0.9502840909090909 0.07788461538461539 0.016335227272727272 0.023076923076923078
1 0.6321022727272727 0.8697115384615385 0.014914772727272728 0.020192307692307693
1 0.9208096590909091 0.6850961538461539 0.019176136363636364 0.025961538461538463
1 0.90625 0.5543269230769231 0.016335227272727272 0.022115384615384617
1 0.008167613636363636 0.9860576923076924 0.016335227272727272 0.025
1 0.14879261363636365 0.12548076923076923 0.014204545454545454 0.020192307692307693
1 0.7691761363636364 0.5514423076923077 0.019176136363636364 0.021153846153846155
1 0.95703125 0.1283653846153846 0.017045454545454544 0.023076923076923078
1 0.5568181818181818 0.15384615384615385 0.017045454545454544 0.023076923076923078
1 0.4016335227272727 0.2326923076923077 0.019176136363636364 0.026923076923076925
0 0.9612926136363636 0.5572115384615385 0.022017045454545456 0.02980769230769231
1 0.7389914772727273 0.7134615384615385 0.014914772727272728 0.01826923076923077
1 0.9286221590909091 0.12980769230769232 0.015625 0.022115384615384617
1 0.052201704545454544 0.4125 0.015625 0.020192307692307693
1 0.9446022727272727 0.09567307692307692 0.014914772727272728 0.019230769230769232
1 0.10440340909090909 0.7586538461538461 0.016335227272727272 0.02403846153846154
1 0.4609375 0.2793269230769231 0.014914772727272728 0.021153846153846155
1 0.9829545454545454 0.5153846153846153 0.024147727272727272 0.026923076923076925
1 0.7879971590909091 0.88125 0.014204545454545454 0.019230769230769232
1 0.04012784090909091 0.9899038461538462 0.016335227272727272 0.020192307692307693
1 0.23188920454545456 0.18269230769230768 0.016335227272727272 0.021153846153846155
1 0.3114346590909091 0.09519230769230769 0.016335227272727272 0.021153846153846155
1 0.9442471590909091 0.4495192307692308 0.015625 0.020192307692307693
1 0.6740056818181818 0.6451923076923077 0.019176136363636364 0.026923076923076925
1 0.9382102272727273 0.5 0.015625 0.020192307692307693
1 0.6803977272727273 0.8985576923076923 0.013494318181818182 0.01826923076923077
1 0.28089488636363635 0.03317307692307692 0.014914772727272728 0.021153846153846155
1 0.9115767045454546 0.27163461538461536 0.017045454545454544 0.023076923076923078
1 0.6310369318181818 0.8913461538461539 0.01278409090909091 0.01826923076923077
1 0.4900568181818182 0.2639423076923077 0.014204545454545454 0.01826923076923077
1 0.9666193181818182 0.09663461538461539 0.019886363636363636 0.028846153846153848
1 0.9588068181818182 0.7336538461538461 0.016335227272727272 0.022115384615384617
1 0.12038352272727272 0.7634615384615384 0.018465909090909092 0.026923076923076925
0 0.3249289772727273 0.2389423076923077 0.019176136363636364 0.026923076923076925
1 0.2688210227272727 0.2658653846153846 0.014204545454545454 0.019230769230769232
1 0.7588778409090909 0.39663461538461536 0.01278409090909091 0.01730769230769231
1 0.8810369318181818 0.23557692307692307 0.016335227272727272 0.02403846153846154
1 0.43607954545454547 0.6293269230769231 0.01278409090909091 0.01730769230769231
1 0.030894886363636364 0.40192307692307694 0.017045454545454544 0.025
1 0.7475142045454546 0.4403846153846154 0.014914772727272728 0.02403846153846154
1 0.5081676136363636 0.2644230769230769 0.014914772727272728 0.020192307692307693
1 0.2947443181818182 0.09807692307692308 0.014914772727272728 0.020192307692307693
1 0.02734375 0.635576923076923 0.01775568181818182 0.02403846153846154
0 0.05823863636363636 0.9759615384615384 0.019886363636363636 0.03076923076923077
1 0.7638494318181818 0.5346153846153846 0.013494318181818182 0.01730769230769231
1 0.7006392045454546 0.5514423076923077 0.019176136363636364 0.026923076923076925
0 0.29723011363636365 0.2423076923076923 0.019176136363636364 0.02403846153846154
1 0.9517045454545454 0.10673076923076923 0.014914772727272728 0.021153846153846155
1 0.3973721590909091 0.052403846153846155 0.014204545454545454 0.022115384615384617
0 0.33061079545454547 0.0985576923076923 0.019886363636363636 0.026923076923076925
1 0.09481534090909091 0.375 0.014914772727272728 0.019230769230769232
1 0.5159801136363636 0.08461538461538462 0.01278409090909091 0.01826923076923077
1 0.5081676136363636 0.13076923076923078 0.014204545454545454 0.022115384615384617
1 0.5170454545454546 0.10384615384615385 0.017045454545454544 0.023076923076923078
1 0.7230113636363636 0.9841346153846153 0.014204545454545454 0.020192307692307693
1 0.04261363636363636 0.3860576923076923 0.014914772727272728 0.020192307692307693
1 0.5419034090909091 0.07596153846153846 0.014204545454545454 0.020192307692307693
1 0.2844460227272727 0.7379807692307693 0.013494318181818182 0.01826923076923077
1 0.6424005681818182 0.19134615384615383 0.014204545454545454 0.022115384615384617
1 0.7631392045454546 0.14423076923076922 0.014914772727272728 0.025961538461538463
1 0.9556107954545454 0.47884615384615387 0.017045454545454544 0.023076923076923078
1 0.11754261363636363 0.40192307692307694 0.018465909090909092 0.023076923076923078
1 0.5411931818181818 0.15 0.014204545454545454 0.020192307692307693
1 0.7084517045454546 0.9822115384615384 0.014204545454545454 0.020192307692307693
1 0.6331676136363636 0.21057692307692308 0.018465909090909092 0.025
1 0.2421875 0.1701923076923077 0.015625 0.021153846153846155
1 0.7379261363636364 0.5899038461538462 0.020596590909090908 0.026923076923076925
1 0.8565340909090909 0.23461538461538461 0.017045454545454544 0.02403846153846154
1 0.5639204545454546 0.11394230769230769 0.01775568181818182 0.022115384615384617
1 0.52734375 0.06875 0.014204545454545454 0.020192307692307693
1 0.9211647727272727 0.46105769230769234 0.015625 0.019230769230769232
1 0.011640625 0.6402788461538461 0.019431818181818182 0.030384615384615385
1 0.31050426136363635 0.4235096153846154 0.022741477272727274 0.03005769230769231
1 0.409765625 0.4124903846153846 0.02252840909090909 0.03291346153846154
1 0.09458806818181818 0.15538461538461537 0.01634943181818182 0.02346153846153846
1 0.30250710227272726 0.077125 0.02103693181818182 0.026951923076923078
1 0.30170454545454545 0.28175961538461536 0.017776988636363636 0.03398076923076923
1 0.28360795454545457 0.289125 0.011427556818181818 0.03076923076923077
1 0.910419034090909 0.12853846153846155 0.01814630681818182 0.021201923076923077
1 0.9286789772727272 0.10532692307692308 0.01930397727272727 0.03308653846153846
1 0.9782386363636363 0.188625 0.022272727272727274 0.02773076923076923
1 0.8531747159090909 0.19442307692307692 0.020816761363636364 0.024365384615384615
1 0.528622159090909 0.16591346153846154 0.022137784090909093 0.03365384615384615
1 0.5117116477272727 0.15275961538461538 0.01705965909090909 0.023778846153846154
1 0.5348082386363636 0.13660576923076923 0.014616477272727272 0.019884615384615386
1 0.5209446022727273 0.12403846153846154 0.015617897727272727 0.018682692307692306
1 0.5357244318181817 0.11203846153846153 0.016441761363636363 0.024586538461538462
1 0.505 0.09479807692307693 0.014680397727272728 0.024509615384615383
1 0.5111363636363636 0.06672115384615385 0.01700284090909091 0.029653846153846152
1 0.5496164772727273 0.12546153846153846 0.016605113636363637 0.029
0 0.9687002840909091 0.44217307692307695 0.021228693181818182 0.02489423076923077
0 0.9825852272727272 0.45279807692307694 0.02205255681818182 0.03352884615384615