0 0.6182528409090909 0.5788461538461539 0.019176136363636364 0.025961538461538463
1 0.38032670454545453 0.5975961538461538 0.017045454545454544 0.022115384615384617
0 0.4591619318181818 0.47596153846153844 0.01775568181818182 0.02403846153846154
0 0.34730113636363635 0.6634615384615384 0.018465909090909092 0.025961538461538463
0 0.8938210227272727 0.1110576923076923 0.017045454545454544 0.022115384615384617
0 0.37890625 0.8913461538461539 0.018465909090909092 0.025
0 0.9836647727272727 0.16346153846153846 0.017045454545454544 0.022115384615384617
0 0.8700284090909091 0.9548076923076924 0.019176136363636364 0.025
0 0.8064630681818182 0.38653846153846155 0.017045454545454544 0.022115384615384617
0 0.7059659090909091 0.14759615384615385 0.017045454545454544 0.022115384615384617
0 0.8355823863636364 0.46826923076923077 0.01775568181818182 0.023076923076923078
0 0.8217329545454546 0.3557692307692308 0.018465909090909092 0.02403846153846154
0 0.7602982954545454 0.7663461538461539 0.019176136363636364 0.026923076923076925
0 0.5475852272727273 0.4774038461538462 0.019176136363636364 0.025
0 0.5852272727272727 0.58125 0.017045454545454544 0.023076923076923078
0 0.3654119318181818 0.10144230769230769 0.017045454545454544 0.023076923076923078
0 0.2489346590909091 0.6269230769230769 0.018465909090909092 0.02403846153846154
0 0.5713778409090909 0.28509615384615383 0.01775568181818182 0.023076923076923078
0 0.1278409090909091 0.6067307692307692 0.019176136363636364 0.025961538461538463
0 0.6299715909090909 0.5557692307692308 0.017045454545454544 0.022115384615384617
1 0.34339488636363635 0.11346153846153846 0.019886363636363636 0.025
0 0.0390625 0.43798076923076923 0.019176136363636364 0.028846153846153848
0 0.7340198863636364 0.6826923076923077 0.019886363636363636 0.026923076923076925
0 0.58203125 0.7990384615384616 0.02130681818181818 0.026923076923076925
0 0.9591619318181818 0.6216346153846154 0.019176136363636364 0.025961538461538463
0 0.7688210227272727 0.7086538461538462 0.019886363636363636 0.026923076923076925
0 0.8295454545454546 0.14471153846153847 0.018465909090909092 0.02403846153846154
0 0.36754261363636365 0.9427884615384615 0.019176136363636364 0.026923076923076925
0 0.3639914772727273 0.5014423076923077 0.016335227272727272 0.022115384615384617
0 0.9200994318181818 0.17067307692307693 0.019176136363636364 0.026923076923076925
0 0.3615056818181818 0.28365384615384615 0.016335227272727272 0.023076923076923078
0 0.42613636363636365 0.3581730769230769 0.016335227272727272 0.022115384615384617
0 0.9328835227272727 0.9495192307692307 0.019886363636363636 0.02980769230769231
1 0.5440340909090909 0.6822115384615385 0.015625 0.020192307692307693
1 0.9147727272727273 0.4110576923076923 0.022017045454545456 0.026923076923076925
0 0.30433238636363635 0.39375 0.019176136363636364 0.02403846153846154
0 0.3700284090909091 0.07740384615384616 0.016335227272727272 0.022115384615384617
0 0.6665482954545454 0.9432692307692307 0.018465909090909092 0.025961538461538463
0 0.1338778409090909 0.14615384615384616 0.019886363636363636 0.026923076923076925
0 0.3039772727272727 0.47115384615384615 0.019176136363636364 0.026923076923076925
0 0.34232954545454547 0.9524038461538461 0.020596590909090908 0.025
0 0.5784801136363636 0.8629807692307693 0.019886363636363636 0.026923076923076925
0 0.8330965909090909 0.4221153846153846 0.01775568181818182 0.025
0 0.8604403409090909 0.09471153846153846 0.017045454545454544 0.023076923076923078
0 0.1924715909090909 0.2360576923076923 0.019886363636363636 0.026923076923076925
0 0.01455965909090909 0.2230769230769231 0.01775568181818182 0.02403846153846154
0 0.03941761363636364 0.17307692307692307 0.01775568181818182 0.023076923076923078
0 0.2588778409090909 0.09663461538461539 0.019176136363636364 0.026923076923076925
0 0.265625 0.06634615384615385 0.019176136363636364 0.02403846153846154
0 0.15269886363636365 0.11971153846153847 0.01775568181818182 0.023076923076923078
0 0.3487215909090909 0.8639423076923077 0.01775568181818182 0.02403846153846154
0 0.2198153409090909 0.16875 0.01775568181818182 0.02403846153846154
1 0.33558238636363635 0.5985576923076923 0.017045454545454544 0.021153846153846155
0 0.4346590909090909 0.7673076923076924 0.017045454545454544 0.023076923076923078
0 0.6910511363636364 0.18701923076923077 0.022017045454545456 0.028846153846153848
0 0.08238636363636363 0.520673076923077 0.019886363636363636 0.027884615384615386
0 0.6292613636363636 0.4740384615384615 0.018465909090909092 0.025
0 0.7950994318181818 0.06875 0.017045454545454544 0.025
0 0.0625 0.47692307692307695 0.018465909090909092 0.025
0 0.7691761363636364 0.9572115384615385 0.01775568181818182 0.025961538461538463
0 0.3391335227272727 0.75625 0.018465909090909092 0.025
0 0.8004261363636364 0.45721153846153845 0.017045454545454544 0.022115384615384617
0 0.8515625 0.6802884615384616 0.018465909090909092 0.02403846153846154
0 0.11931818181818182 0.5754807692307692 0.01775568181818182 0.025
0 0.7709517045454546 0.1576923076923077 0.01775568181818182 0.023076923076923078
0 0.9389204545454546 0.07740384615384616 0.016335227272727272 0.022115384615384617
0 0.7169744318181818 0.5139423076923076 0.017045454545454544 0.023076923076923078
0 0.6285511363636364 0.19278846153846155 0.020596590909090908 0.025961538461538463
0 0.44566761363636365 0.24759615384615385 0.020596590909090908 0.025
0 0.8362926136363636 0.9317307692307693 0.020596590909090908 0.027884615384615386
1 0.2176846590909091 0.36875 0.017045454545454544 0.025
0 0.9307528409090909 0.7004807692307692 0.018465909090909092 0.025
0 0.1953125 0.08413461538461539 0.020596590909090908 0.027884615384615386
0 0.16264204545454544 0.4125 0.02130681818181818 0.027884615384615386
0 0.6441761363636364 0.625 0.022017045454545456 0.025
0 0.20383522727272727 0.040865384615384616 0.01775568181818182 0.02403846153846154
0 0.5003551136363636 0.2586538461538462 0.019176136363636364 0.025
0 0.8643465909090909 0.58125 0.019886363636363636 0.025961538461538463
0 0.16086647727272727 0.6168269230769231 0.01775568181818182 0.023076923076923078
0 0.4627130681818182 0.28846153846153844 0.01775568181818182 0.023076923076923078
0 0.21626420454545456 0.4894230769230769 0.019176136363636364 0.025961538461538463
0 0.6530539772727273 0.3975961538461538 0.01775568181818182 0.02403846153846154
0 0.019176136363636364 0.5129807692307692 0.019176136363636364 0.025961538461538463
0 0.11008522727272728 0.4879807692307692 0.018465909090909092 0.025961538461538463
0 0.4893465909090909 0.3663461538461538 0.019176136363636364 0.025
0 0.9005681818181818 0.3346153846153846 0.018465909090909092 0.025
1 0.1590909090909091 0.25817307692307695 0.017045454545454544 0.025961538461538463
0 0.037642045454545456 0.8764423076923077 0.019176136363636364 0.02403846153846154
1 0.7571022727272727 0.5490384615384616 0.020596590909090908 0.02980769230769231
0 0.3927556818181818 0.40865384615384615 0.018465909090909092 0.025961538461538463
0 0.02911931818181818 0.6168269230769231 0.019176136363636364 0.025961538461538463
0 0.6196732954545454 0.2591346153846154 0.019176136363636364 0.023076923076923078
0 0.49183238636363635 0.30096153846153845 0.01775568181818182 0.023076923076923078
1 0.171875 0.35096153846153844 0.019176136363636364 0.025961538461538463
0 0.5081676136363636 0.4014423076923077 0.020596590909090908 0.025
0 0.16477272727272727 0.30480769230769234 0.018465909090909092 0.026923076923076925
0 0.9240056818181818 0.8418269230769231 0.01775568181818182 0.023076923076923078
0 0.5042613636363636 0.14951923076923077 0.019176136363636364 0.025961538461538463
0 0.19957386363636365 0.8456730769230769 0.020596590909090908 0.026923076923076925
0 0.9044744318181818 0.06201923076923077 0.01775568181818182 0.02403846153846154
1 0.6317471590909091 0.36682692307692305 0.019176136363636364 0.02403846153846154
0 0.140625 0.5168269230769231 0.018465909090909092 0.025
0 0.11612215909090909 0.7254807692307692 0.02130681818181818 0.026923076923076925
0 0.6896306818181818 0.5961538461538461 0.018465909090909092 0.022115384615384617
0 0.9147727272727273 0.5336538461538461 0.01775568181818182 0.02403846153846154
0 0.06818181818181818 0.2956730769230769 0.018465909090909092 0.025
0 0.35511363636363635 0.5538461538461539 0.017045454545454544 0.022115384615384617
0 0.5042613636363636 0.4567307692307692 0.017045454545454544 0.023076923076923078
1 0.11363636363636363 0.7870192307692307 0.016335227272727272 0.022115384615384617
0 0.4169034090909091 0.06538461538461539 0.018465909090909092 0.025961538461538463
0 0.5021306818181818 0.5975961538461538 0.019886363636363636 0.026923076923076925
0 0.48828125 0.09951923076923076 0.017045454545454544 0.022115384615384617
0 0.7176846590909091 0.9447115384615384 0.01775568181818182 0.025961538461538463
0 0.4328835227272727 0.1451923076923077 0.019176136363636364 0.026923076923076925
0 0.9208096590909091 0.48173076923076924 0.0234375 0.03173076923076923
0 0.3700284090909091 0.25432692307692306 0.020596590909090908 0.025961538461538463
0 0.9641335227272727 0.2951923076923077 0.017045454545454544 0.023076923076923078
1 0.6768465909090909 0.8985576923076923 0.019886363636363636 0.025961538461538463
0 0.04616477272727273 0.40673076923076923 0.01775568181818182 0.023076923076923078
0 0.3821022727272727 0.12692307692307692 0.019886363636363636 0.025961538461538463
0 0.8703835227272727 0.3581730769230769 0.017045454545454544 0.023076923076923078
0 0.1015625 0.13413461538461538 0.018465909090909092 0.025961538461538463
0 0.44779829545454547 0.023076923076923078 0.017045454545454544 0.023076923076923078
0 0.31676136363636365 0.1798076923076923 0.018465909090909092 0.025
0 0.3171164772727273 0.49951923076923077 0.019176136363636364 0.025
1 0.6871448863636364 0.8134615384615385 0.016335227272727272 0.020192307692307693
0 0.48970170454545453 0.45576923076923076 0.017045454545454544 0.023076923076923078
0 0.2958096590909091 0.6528846153846154 0.02130681818181818 0.027884615384615386
0 0.2421875 0.22115384615384615 0.019176136363636364 0.025
0 0.7492897727272727 0.46057692307692305 0.020596590909090908 0.028846153846153848
0 0.37926136363636365 0.37115384615384617 0.022017045454545456 0.025
0 0.05113636363636364 0.5990384615384615 0.0234375 0.03173076923076923
0 0.9481534090909091 0.8677884615384616 0.020596590909090908 0.03076923076923077
0 0.5330255681818182 0.24375 0.022017045454545456 0.02980769230769231
0 0.9012784090909091 0.13221153846153846 0.018465909090909092 0.023076923076923078
0 0.23366477272727273 0.2456730769230769 0.019176136363636364 0.025
0 0.15696022727272727 0.8740384615384615 0.02130681818181818 0.03076923076923077
1 0.5035511363636364 0.7019230769230769 0.019176136363636364 0.026923076923076925
0 0.25532670454545453 0.8841346153846154 0.018465909090909092 0.02403846153846154
0 0.7531960227272727 0.07355769230769231 0.018465909090909092 0.023076923076923078
1 0.35511363636363635 0.15528846153846154 0.015625 0.021153846153846155
0 0.4786931818181818 0.5293269230769231 0.022017045454545456 0.027884615384615386
0 0.4921875 0.5745192307692307 0.019176136363636364 0.025
0 0.4268465909090909 0.08846153846153847 0.01775568181818182 0.02403846153846154
1 0.5795454545454546 0.040865384615384616 0.024147727272727272 0.03365384615384615
0 0.5142045454545454 0.28365384615384615 0.02130681818181818 0.02980769230769231
0 0.5656960227272727 0.8490384615384615 0.018465909090909092 0.026923076923076925
0 0.5003551136363636 0.9254807692307693 0.019176136363636364 0.027884615384615386
1 0.05930397727272727 0.9350961538461539 0.018465909090909092 0.025961538461538463
0 0.9747869318181818 0.020673076923076922 0.016335227272727272 0.022115384615384617
0 0.09019886363636363 0.9120192307692307 0.018465909090909092 0.025961538461538463
0 0.9034090909090909 0.2298076923076923 0.016335227272727272 0.022115384615384617
1 0.11683238636363637 0.9163461538461538 0.01775568181818182 0.023076923076923078
0 0.22194602272727273 0.84375 0.020596590909090908 0.03076923076923077
0 0.11612215909090909 0.42259615384615384 0.018465909090909092 0.02403846153846154
0 0.1729403409090909 0.9706730769230769 0.01775568181818182 0.023076923076923078
0 0.8842329545454546 0.3490384615384615 0.019176136363636364 0.025
0 0.3757102272727273 0.015384615384615385 0.017045454545454544 0.023076923076923078
0 0.8899147727272727 0.24519230769230768 0.0234375 0.02980769230769231
0 0.44886363636363635 0.4235576923076923 0.018465909090909092 0.02403846153846154
0 0.9247159090909091 0.26875 0.018465909090909092 0.03173076923076923
0 0.3181818181818182 0.81875 0.019176136363636364 0.026923076923076925
0 0.022017045454545456 0.4485576923076923 0.020596590909090908 0.026923076923076925
0 0.06321022727272728 0.14759615384615385 0.022017045454545456 0.025961538461538463
0 0.4552556818181818 0.5548076923076923 0.019176136363636364 0.02403846153846154
0 0.2432528409090909 0.3639423076923077 0.022017045454545456 0.026923076923076925
0 0.9129971590909091 0.8581730769230769 0.017045454545454544 0.023076923076923078
0 0.0390625 0.3557692307692308 0.019886363636363636 0.027884615384615386
0 0.18039772727272727 0.3105769230769231 0.01775568181818182 0.02403846153846154
0 0.5213068181818182 0.16875 0.020596590909090908 0.025961538461538463
0 0.06782670454545454 0.3798076923076923 0.019886363636363636 0.03076923076923077
0 0.39204545454545453 0.15048076923076922 0.018465909090909092 0.023076923076923078
0 0.8132102272727273 0.6293269230769231 0.022017045454545456 0.03076923076923077
0 0.07848011363636363 0.5783653846153847 0.020596590909090908 0.02980769230769231
0 0.6995738636363636 0.4807692307692308 0.018465909090909092 0.025
1 0.4286221590909091 0.42115384615384616 0.018465909090909092 0.02403846153846154
0 0.5600142045454546 0.026442307692307692 0.01775568181818182 0.02403846153846154
0 0.030894886363636364 0.7841346153846154 0.019886363636363636 0.025961538461538463
0 0.14772727272727273 0.04567307692307692 0.015625 0.022115384615384617
0 0.2411221590909091 0.10192307692307692 0.01775568181818182 0.023076923076923078
0 0.3693181818181818 0.15240384615384617 0.018465909090909092 0.023076923076923078
0 0.9392755681818182 0.41346153846153844 0.020596590909090908 0.025961538461538463
0 0.4406960227272727 0.8384615384615385 0.019176136363636364 0.02403846153846154
0 0.47301136363636365 0.49423076923076925 0.018465909090909092 0.025
0 0.7691761363636364 0.37115384615384617 0.018465909090909092 0.02403846153846154
0 0.2674005681818182 0.7769230769230769 0.01775568181818182 0.023076923076923078
0 0.7542613636363636 0.40865384615384615 0.016335227272727272 0.022115384615384617
0 0.4943181818181818 0.9528846153846153 0.018465909090909092 0.026923076923076925
0 0.07599431818181818 0.22355769230769232 0.020596590909090908 0.026923076923076925
1 0.7233664772727273 0.8072115384615385 0.019176136363636364 0.026923076923076925
0 0.9509943181818182 0.7355769230769231 0.018465909090909092 0.02403846153846154
0 0.8487215909090909 0.1673076923076923 0.02130681818181818 0.028846153846153848
1 0.45738636363636365 0.9716346153846154 0.01775568181818182 0.022115384615384617
0 0.6516335227272727 0.5038461538461538 0.019886363636363636 0.025961538461538463
0 0.19708806818181818 0.1283653846153846 0.019886363636363636 0.026923076923076925
0 0.9584517045454546 0.7519230769230769 0.02130681818181818 0.02403846153846154
0 0.9857954545454546 0.8182692307692307 0.019176136363636364 0.025961538461538463
0 0.8355823863636364 0.7524038461538461 0.016335227272727272 0.022115384615384617
0 0.7936789772727273 0.8144230769230769 0.017045454545454544 0.022115384615384617
0 0.8227982954545454 0.1701923076923077 0.018465909090909092 0.022115384615384617
0 0.25532670454545453 0.23557692307692307 0.01775568181818182 0.02403846153846154
0 0.6100852272727273 0.7466346153846154 0.018465909090909092 0.025961538461538463
0 0.9588068181818182 0.9134615384615384 0.020596590909090908 0.026923076923076925
0 0.009943181818181818 0.37884615384615383 0.01775568181818182 0.023076923076923078
0 0.5600142045454546 0.6759615384615385 0.01775568181818182 0.025961538461538463
0 0.14595170454545456 0.30673076923076925 0.02130681818181818 0.028846153846153848
0 0.42151988636363635 0.10913461538461539 0.01775568181818182 0.025
0 0.08629261363636363 0.14711538461538462 0.019176136363636364 0.025961538461538463
0 0.3700284090909091 0.5778846153846153 0.019176136363636364 0.02403846153846154
1 0.8032670454545454 0.6793269230769231 0.026278409090909092 0.03461538461538462
0 0.6225142045454546 0.12884615384615383 0.018465909090909092 0.025
0 0.32954545454545453 0.016826923076923076 0.016335227272727272 0.022115384615384617
0 0.15873579545454544 0.8432692307692308 0.019886363636363636 0.03173076923076923
0 0.9776278409090909 0.5254807692307693 0.015625 0.020192307692307693
0 0.29723011363636365 0.22932692307692307 0.019176136363636364 0.026923076923076925
0 0.3014914772727273 0.5591346153846154 0.017045454545454544 0.023076923076923078
0 0.7713068181818182 0.60625 0.02130681818181818 0.02980769230769231
1 0.4080255681818182 0.2798076923076923 0.015625 0.020192307692307693
0 0.1903409090909091 0.8961538461538462 0.019176136363636364 0.027884615384615386
0 0.8757102272727273 0.15817307692307692 0.02130681818181818 0.02403846153846154
0 0.859375 0.15240384615384617 0.016335227272727272 0.022115384615384617
0 0.24822443181818182 0.8447115384615385 0.02130681818181818 0.028846153846153848
0 0.4307528409090909 0.9836538461538461 0.016335227272727272 0.022115384615384617
0 0.6001420454545454 0.8971153846153846 0.019176136363636364 0.025961538461538463
0 0.45738636363636365 0.5350961538461538 0.02130681818181818 0.025961538461538463
1 0.8874289772727273 0.8451923076923077 0.019176136363636364 0.025961538461538463
0 0.15411931818181818 0.023076923076923078 0.017045454545454544 0.023076923076923078
0 0.08487215909090909 0.47307692307692306 0.018465909090909092 0.025
0 0.6867897727272727 0.5764423076923076 0.019176136363636364 0.023076923076923078
1 0.5578835227272727 0.24375 0.017045454545454544 0.022115384615384617
0 0.016690340909090908 0.09326923076923077 0.01775568181818182 0.025
0 0.07705965909090909 0.9274038461538462 0.017045454545454544 0.025
0 0.37748579545454547 0.2865384615384615 0.015625 0.021153846153846155
1 0.73828125 0.06490384615384616 0.01775568181818182 0.023076923076923078
0 0.2595880681818182 0.03701923076923077 0.01775568181818182 0.025961538461538463
0 0.26917613636363635 0.8711538461538462 0.018465909090909092 0.025
0 0.8583096590909091 0.47884615384615387 0.017045454545454544 0.022115384615384617
0 0.27379261363636365 0.2298076923076923 0.018465909090909092 0.026923076923076925
0 0.0859375 0.24134615384615385 0.018465909090909092 0.025961538461538463
0 0.8774857954545454 0.8283653846153847 0.01775568181818182 0.02403846153846154
0 0.09339488636363637 0.48846153846153845 0.019176136363636364 0.026923076923076925
0 0.22336647727272727 0.029326923076923077 0.016335227272727272 0.021153846153846155
0 0.09126420454545454 0.08509615384615385 0.018465909090909092 0.02403846153846154
1 0.3799715909090909 0.3139423076923077 0.018465909090909092 0.023076923076923078
0 0.3973721590909091 0.051923076923076926 0.01775568181818182 0.022115384615384617
0 0.9772727272727273 0.5649038461538461 0.016335227272727272 0.022115384615384617
1 0.8327414772727273 0.7096153846153846 0.015625 0.022115384615384617
0 0.47301136363636365 0.5644230769230769 0.019176136363636364 0.026923076923076925
0 0.6519886363636364 0.48221153846153847 0.01775568181818182 0.02403846153846154
0 0.3767755681818182 0.34759615384615383 0.022727272727272728 0.027884615384615386
0 0.4875710227272727 0.02548076923076923 0.018465909090909092 0.02403846153846154
0 0.6690340909090909 0.5115384615384615 0.01775568181818182 0.025961538461538463
0 0.21058238636363635 0.6341346153846154 0.019176136363636364 0.025
0 0.26207386363636365 0.2144230769230769 0.01775568181818182 0.02403846153846154
0 0.30504261363636365 0.5783653846153847 0.019176136363636364 0.02403846153846154
0 0.10475852272727272 0.9028846153846154 0.017045454545454544 0.023076923076923078
0 0.17436079545454544 0.8947115384615385 0.017045454545454544 0.023076923076923078
0 0.9936079545454546 0.3769230769230769 0.01278409090909091 0.028846153846153848
1 0.8473011363636364 0.5475961538461539 0.017045454545454544 0.02403846153846154
0 0.019886363636363636 0.05961538461538462 0.020596590909090908 0.026923076923076925
0 0.20738636363636365 0.9514423076923076 0.017045454545454544 0.023076923076923078
1 0.13636363636363635 0.7485576923076923 0.022727272727272728 0.028846153846153848
1 0.6938920454545454 0.21682692307692308 0.018465909090909092 0.023076923076923078
0 0.18678977272727273 0.3264423076923077 0.019176136363636364 0.025
1 0.4403409090909091 0.2956730769230769 0.018465909090909092 0.025961538461538463
0 0.1669034090909091 0.9283653846153846 0.019176136363636364 0.025
0 0.25390625 0.9783653846153846 0.02130681818181818 0.032692307692307694
1 0.011363636363636364 0.8653846153846154 0.020596590909090908 0.02980769230769231
1 0.7134232954545454 0.06394230769230769 0.017045454545454544 0.022115384615384617
0 0.23792613636363635 0.55 0.018465909090909092 0.02403846153846154
1 0.5383522727272727 0.7052884615384616 0.016335227272727272 0.023076923076923078
0 0.8270596590909091 0.19375 0.020596590909090908 0.025
0 0.04651988636363636 0.9514423076923076 0.019886363636363636 0.026923076923076925
0 0.10440340909090909 0.2153846153846154 0.018465909090909092 0.022115384615384617
0 0.09907670454545454 0.29086538461538464 0.017045454545454544 0.023076923076923078
0 0.5426136363636364 0.7240384615384615 0.01775568181818182 0.02403846153846154
0 0.8160511363636364 0.958173076923077 0.018465909090909092 0.025
0 0.4090909090909091 0.12596153846153846 0.022017045454545456 0.02980769230769231
0 0.3899147727272727 0.29951923076923076 0.017045454545454544 0.025961538461538463
0 0.19744318181818182 0.9375 0.017045454545454544 0.023076923076923078
1 0.48970170454545453 0.4846153846153846 0.019176136363636364 0.025961538461538463
0 0.4041193181818182 0.23798076923076922 0.019886363636363636 0.02403846153846154
0 0.8000710227272727 0.5379807692307692 0.01775568181818182 0.03076923076923077
0 0.45738636363636365 0.2283653846153846 0.019886363636363636 0.028846153846153848
1 0.8089488636363636 0.21923076923076923 0.020596590909090908 0.025
0 0.35795454545454547 0.39855769230769234 0.02130681818181818 0.025961538461538463
1 0.024857954545454544 0.95 0.019176136363636364 0.025961538461538463
1 0.6985085227272727 0.5451923076923076 0.0234375 0.03173076923076923
1 0.24822443181818182 0.04567307692307692 0.014204545454545454 0.020192307692307693
0 0.5276988636363636 0.13125 0.024147727272727272 0.03461538461538462
0 0.4786931818181818 0.9639423076923077 0.01775568181818182 0.025
0 0.5870028409090909 0.94375 0.022017045454545456 0.027884615384615386
0 0.4928977272727273 0.7586538461538461 0.016335227272727272 0.022115384615384617
0 0.033735795454545456 0.9307692307692308 0.019176136363636364 0.025
1 0.8526278409090909 0.7596153846153846 0.020596590909090908 0.03173076923076923
0 0.78515625 0.7980769230769231 0.022017045454545456 0.025
0 0.4765625 0.008653846153846154 0.01775568181818182 0.01730769230769231
1 0.4122869318181818 0.83125 0.014914772727272728 0.019230769230769232
0 0.43217329545454547 0.5235576923076923 0.018465909090909092 0.026923076923076925
0 0.06285511363636363 0.10528846153846154 0.017045454545454544 0.02403846153846154
1 0.8288352272727273 0.21201923076923077 0.017045454545454544 0.019230769230769232
0 0.08522727272727272 0.19375 0.018465909090909092 0.025
0 0.020951704545454544 0.14759615384615385 0.019176136363636364 0.025
1 0.33203125 0.05 0.014914772727272728 0.019230769230769232
1 0.5788352272727273 0.19807692307692307 0.020596590909090908 0.028846153846153848
0 0.16228693181818182 0.04326923076923077 0.016335227272727272 0.025961538461538463
0 0.022017045454545456 0.36778846153846156 0.017045454545454544 0.023076923076923078
1 0.25639204545454547 0.916826923076923 0.019886363636363636 0.027884615384615386
0 0.703125 0.9365384615384615 0.016335227272727272 0.022115384615384617
1 0.6399147727272727 0.016346153846153847 0.022017045454545456 0.028846153846153848
1 0.24076704545454544 0.9283653846153846 0.019886363636363636 0.026923076923076925
0 0.04971590909090909 0.2298076923076923 0.0234375 0.03076923076923077
0 0.06463068181818182 0.17451923076923076 0.019886363636363636 0.028846153846153848
0 0.17507102272727273 0.8283653846153847 0.01775568181818182 0.025961538461538463
1 0.7879971590909091 0.573076923076923 0.017045454545454544 0.023076923076923078
1 0.7709517045454546 0.2375 0.022017045454545456 0.028846153846153848
0 0.7194602272727273 0.42596153846153845 0.019176136363636364 0.025
0 0.8341619318181818 0.5557692307692308 0.015625 0.021153846153846155
0 0.3252840909090909 0.5725961538461538 0.020596590909090908 0.028846153846153848
0 0.09481534090909091 0.6826923076923077 0.022017045454545456 0.025961538461538463
0 0.6658380681818182 0.4875 0.016335227272727272 0.025
0 0.020951704545454544 0.9769230769230769 0.019176136363636364 0.025961538461538463
1 0.04225852272727273 0.21057692307692308 0.018465909090909092 0.021153846153846155
1 0.9279119318181818 0.5980769230769231 0.017045454545454544 0.02403846153846154
1 0.18323863636363635 0.9432692307692307 0.017045454545454544 0.025961538461538463
0 0.03551136363636364 0.53125 0.019886363636363636 0.023076923076923078
0 0.06356534090909091 0.9586538461538462 0.019176136363636364 0.02403846153846154
1 0.9833096590909091 0.36009615384615384 0.014204545454545454 0.015384615384615385
0 0.7844460227272727 0.520673076923077 0.017045454545454544 0.022115384615384617
0 0.21342329545454544 0.13701923076923078 0.015625 0.022115384615384617
0 0.20134943181818182 0.6182692307692308 0.01775568181818182 0.022115384615384617
1 0.5177556818181818 0.4860576923076923 0.01775568181818182 0.023076923076923078
0 0.7634943181818182 0.3548076923076923 0.017045454545454544 0.021153846153846155
1 0.4694602272727273 0.9802884615384615 0.015625 0.020192307692307693
0 0.23259943181818182 0.7759615384615385 0.019176136363636364 0.026923076923076925
0 0.7491477272727273 0.008798076923076924 0.018174715909090908 0.01758653846153846
1 0.007102272727272727 0.9875 0.014204545454545454 0.02403846153846154
0 0.08735795454545454 0.7533653846153846 0.018465909090909092 0.02403846153846154
0 0.11150568181818182 0.8283653846153847 0.02130681818181818 0.03076923076923077
0 0.3039772727272727 0.4375 0.019886363636363636 0.035576923076923075
0 0.018110795454545456 0.9225961538461539 0.019886363636363636 0.027884615384615386
0 0.07919034090909091 0.06971153846153846 0.020596590909090908 0.028846153846153848
1 0.34019886363636365 0.5605769230769231 0.016335227272727272 0.022115384615384617
1 0.6821732954545454 0.475 0.018465909090909092 0.02403846153846154
0 0.10546875 0.8625 0.019886363636363636 0.026923076923076925
0 0.6761363636363636 0.49423076923076925 0.014204545454545454 0.019230769230769232
0 0.23082386363636365 0.9466346153846154 0.019176136363636364 0.025
0 0.9936079545454546 0.5355769230769231 0.01278409090909091 0.025
0 0.8774005681818182 0.9184326923076923 0.018160511363636365 0.02925