0 0.7432528409090909 0.22115384615384615 0.02130681818181818 0.027884615384615386
0 0.1825284090909091 0.7596153846153846 0.019176136363636364 0.02403846153846154
0 0.8068181818181818 0.8495192307692307 0.024147727272727272 0.027884615384615386
0 0.8948863636363636 0.2971153846153846 0.020596590909090908 0.026923076923076925
1 0.08558238636363637 0.36009615384615384 0.02556818181818182 0.032692307692307694
1 0.12286931818181818 0.41057692307692306 0.015625 0.023076923076923078
1 0.7919034090909091 0.51875 0.016335227272727272 0.022115384615384617
0 0.8075284090909091 0.8182692307692307 0.022017045454545456 0.027884615384615386
0 0.4630681818181818 0.5971153846153846 0.022727272727272728 0.032692307692307694
1 0.07066761363636363 0.8293269230769231 0.018465909090909092 0.025961538461538463
1 0.36576704545454547 0.39663461538461536 0.016335227272727272 0.022115384615384617
0 0.9477982954545454 0.7403846153846154 0.022017045454545456 0.02980769230769231
0 0.5965909090909091 0.11923076923076924 0.019886363636363636 0.03076923076923077
0 0.7670454545454546 0.6048076923076923 0.019176136363636364 0.025
1 0.7027698863636364 0.11057692307692307 0.019886363636363636 0.027884615384615386
1 0.02521306818181818 0.25384615384615383 0.019176136363636364 0.02403846153846154
0 0.03515625 0.7971153846153847 0.0234375 0.03365384615384615
1 0.41015625 0.2423076923076923 0.016335227272727272 0.022115384615384617
0 0.10830965909090909 0.9677884615384615 0.020596590909090908 0.025961538461538463
0 0.7443181818181818 0.34326923076923077 0.0234375 0.026923076923076925
1 0.6104403409090909 0.7269230769230769 0.019176136363636364 0.025961538461538463
0 0.43110795454545453 0.43701923076923077 0.02130681818181818 0.02980769230769231
0 0.3210227272727273 0.9024038461538462 0.019176136363636364 0.025961538461538463
0 0.16938920454545456 0.21201923076923077 0.022017045454545456 0.03173076923076923
1 0.7627840909090909 0.2519230769230769 0.019886363636363636 0.028846153846153848
0 0.7414772727272727 0.8326923076923077 0.024147727272727272 0.027884615384615386
1 0.3561789772727273 0.4206730769230769 0.018465909090909092 0.023076923076923078
0 0.15589488636363635 0.6572115384615385 0.022017045454545456 0.03076923076923077
0 0.060369318181818184 0.052403846153846155 0.018465909090909092 0.03076923076923077
1 0.10866477272727272 0.6081730769230769 0.022727272727272728 0.03076923076923077
1 0.2805397727272727 0.03028846153846154 0.020596590909090908 0.025961538461538463
1 0.4041193181818182 0.6317307692307692 0.019886363636363636 0.025961538461538463
0 0.16477272727272727 0.45096153846153847 0.02130681818181818 0.026923076923076925
0 0.8970170454545454 0.15384615384615385 0.026988636363636364 0.03173076923076923
0 0.06889204545454546 0.5485576923076924 0.024857954545454544 0.03365384615384615
1 0.5600142045454546 0.8110576923076923 0.024147727272727272 0.032692307692307694
0 0.6381392045454546 0.8509615384615384 0.024147727272727272 0.038461538461538464
1 0.4513494318181818 0.3408653846153846 0.02130681818181818 0.02980769230769231
0 0.8469460227272727 0.7865384615384615 0.02556818181818182 0.028846153846153848
0 0.5912642045454546 0.9451923076923077 0.022017045454545456 0.028846153846153848
0 0.20454545454545456 0.96875 0.02130681818181818 0.028846153846153848
0 0.6661931818181818 0.8615384615384616 0.02130681818181818 0.02980769230769231
1 0.33167613636363635 0.3 0.020596590909090908 0.023076923076923078
1 0.296875 0.9043269230769231 0.019886363636363636 0.025961538461538463
0 0.05752840909090909 0.4639423076923077 0.022017045454545456 0.03076923076923077
0 0.1455965909090909 0.8586538461538461 0.019176136363636364 0.03076923076923077
1 0.9364346590909091 0.3625 0.019886363636363636 0.025961538461538463
0 0.7144886363636364 0.6466346153846154 0.0234375 0.032692307692307694
0 0.04403409090909091 0.05432692307692308 0.01775568181818182 0.025961538461538463
0 0.18678977272727273 0.7860576923076923 0.018465909090909092 0.025961538461538463
1 0.09019886363636363 0.7360576923076924 0.019886363636363636 0.025961538461538463
0 0.8774857954545454 0.7326923076923076 0.024147727272727272 0.03173076923076923
0 0.7080965909090909 0.8947115384615385 0.024857954545454544 0.03076923076923077
0 0.7776988636363636 0.61875 0.01775568181818182 0.023076923076923078
0 0.4705255681818182 0.6932692307692307 0.02130681818181818 0.026923076923076925
0 0.6875 0.07019230769230769 0.020596590909090908 0.03365384615384615
0 0.8508522727272727 0.7235576923076923 0.019886363636363636 0.026923076923076925
1 0.28551136363636365 0.9625 0.018465909090909092 0.02403846153846154
1 0.1260653409090909 0.6326923076923077 0.022727272727272728 0.02980769230769231
0 0.07244318181818182 0.5927884615384615 0.022017045454545456 0.02980769230769231
1 0.12393465909090909 0.07211538461538461 0.022727272727272728 0.02980769230769231
0 0.44779829545454547 0.6807692307692308 0.020596590909090908 0.026923076923076925
0 0.5550426136363636 0.9293269230769231 0.020596590909090908 0.027884615384615386
0 0.06463068181818182 0.7149038461538462 0.0234375 0.026923076923076925
0 0.5546875 0.6461538461538462 0.019886363636363636 0.025961538461538463
0 0.1796875 0.7158653846153846 0.019176136363636364 0.025961538461538463
1 0.34126420454545453 0.26971153846153845 0.019886363636363636 0.025
1 0.6416903409090909 0.4894230769230769 0.018465909090909092 0.025
0 0.7286931818181818 0.7528846153846154 0.020596590909090908 0.028846153846153848
1 0.22691761363636365 0.7139423076923077 0.019176136363636364 0.027884615384615386
0 0.20276988636363635 0.19951923076923078 0.019176136363636364 0.025
0 0.38032670454545453 0.9740384615384615 0.019176136363636364 0.025961538461538463
1 0.44105113636363635 0.4658653846153846 0.017045454545454544 0.022115384615384617
0 0.46235795454545453 0.81875 0.018465909090909092 0.02403846153846154
0 0.33203125 0.45048076923076924 0.022017045454545456 0.028846153846153848
0 0.19389204545454544 0.8692307692307693 0.018465909090909092 0.032692307692307694
1 0.7784090909090909 0.8211538461538461 0.022727272727272728 0.03173076923076923
0 0.3916903409090909 0.4533653846153846 0.020596590909090908 0.025961538461538463
0 0.05894886363636364 0.3230769230769231 0.022727272727272728 0.028846153846153848
0 0.030539772727272728 0.014903846153846155 0.019886363636363636 0.026923076923076925
1 0.30717329545454547 0.60625 0.019176136363636364 0.02403846153846154
0 0.4513494318181818 0.5293269230769231 0.022017045454545456 0.03365384615384615
0 0.7755681818181818 0.17740384615384616 0.020596590909090908 0.027884615384615386
0 0.16725852272727273 0.7024038461538461 0.018465909090909092 0.026923076923076925
0 0.4833096590909091 0.6807692307692308 0.018465909090909092 0.028846153846153848
0 0.9030539772727273 0.7432692307692308 0.020596590909090908 0.025961538461538463
0 0.46235795454545453 0.7788461538461539 0.022017045454545456 0.027884615384615386
0 0.5131392045454546 0.7019230769230769 0.022017045454545456 0.02980769230769231
0 0.7755681818181818 0.36682692307692305 0.02130681818181818 0.027884615384615386
1 0.6502130681818182 0.5860576923076923 0.024857954545454544 0.03365384615384615
0 0.5330255681818182 0.7134615384615385 0.020596590909090908 0.025961538461538463
1 0.8316761363636364 0.5379807692307692 0.028409090909090908 0.03942307692307692
1 0.4030539772727273 0.5322115384615385 0.01775568181818182 0.025
0 0.8068181818181818 0.1451923076923077 0.01775568181818182 0.026923076923076925
1 0.3377130681818182 0.5634615384615385 0.022727272727272728 0.032692307692307694
0 0.05397727272727273 0.13221153846153846 0.022017045454545456 0.03365384615384615
0 0.9442471590909091 0.885576923076923 0.019176136363636364 0.026923076923076925
1 0.7066761363636364 0.7610576923076923 0.020596590909090908 0.025961538461538463
1 0.6839488636363636 0.24807692307692308 0.017045454545454544 0.023076923076923078
0 0.9321732954545454 0.13125 0.020596590909090908 0.03076923076923077
0 0.21271306818181818 0.08365384615384615 0.024857954545454544 0.032692307692307694
1 0.9893465909090909 0.5466346153846153 0.019886363636363636 0.02403846153846154
0 0.9183238636363636 0.01826923076923077 0.022017045454545456 0.026923076923076925
1 0.9069602272727273 0.8572115384615384 0.02130681818181818 0.028846153846153848
1 0.42151988636363635 0.948076923076923 0.022017045454545456 0.02980769230769231
0 0.37535511363636365 0.6524038461538462 0.024147727272727272 0.03365384615384615
0 0.140625 0.47644230769230766 0.024147727272727272 0.028846153846153848
1 0.02521306818181818 0.5317307692307692 0.022017045454545456 0.02980769230769231
0 0.19389204545454544 0.3625 0.020596590909090908 0.026923076923076925
0 0.5710227272727273 0.6543269230769231 0.024857954545454544 0.025961538461538463
0 0.9037642045454546 0.4581730769230769 0.019176136363636364 0.02403846153846154
0 0.9417613636363636 0.9129807692307692 0.020596590909090908 0.026923076923076925
0 0.390625 0.28509615384615383 0.019176136363636364 0.02980769230769231
0 0.4481534090909091 0.2985576923076923 0.022017045454545456 0.028846153846153848
0 0.2794744318181818 0.8182692307692307 0.022727272727272728 0.025
0 0.7510653409090909 0.9653846153846154 0.018465909090909092 0.026923076923076925
0 0.4296875 0.7846153846153846 0.01775568181818182 0.025
0 0.2897727272727273 0.5168269230769231 0.02556818181818182 0.02980769230769231
0 0.5642755681818182 0.4754807692307692 0.022017045454545456 0.028846153846153848
0 0.9080255681818182 0.8024038461538462 0.018465909090909092 0.025
1 0.41051136363636365 0.4932692307692308 0.01775568181818182 0.025
0 0.9272017045454546 0.46153846153846156 0.022017045454545456 0.025961538461538463
0 0.09481534090909091 0.6711538461538461 0.019176136363636364 0.022115384615384617
0 0.47123579545454547 0.39807692307692305 0.019886363636363636 0.03365384615384615
0 0.08664772727272728 0.6533653846153846 0.019176136363636364 0.025
0 0.19460227272727273 0.05673076923076923 0.024857954545454544 0.025961538461538463
0 0.04403409090909091 0.5120192307692307 0.022727272727272728 0.03173076923076923
0 0.24076704545454544 0.9754807692307692 0.020596590909090908 0.028846153846153848
1 0.2215909090909091 0.8245192307692307 0.019886363636363636 0.02403846153846154
1 0.6107954545454546 0.015384615384615385 0.016335227272727272 0.021153846153846155
1 0.1590909090909091 0.9278846153846154 0.018465909090909092 0.022115384615384617
0 0.9261363636363636 0.8903846153846153 0.020596590909090908 0.026923076923076925
0 0.18288352272727273 0.9519230769230769 0.022727272727272728 0.03365384615384615
1 0.8107244318181818 0.9471153846153846 0.022727272727272728 0.025961538461538463
0 0.17400568181818182 0.08173076923076923 0.018465909090909092 0.025961538461538463
0 0.17116477272727273 0.8894230769230769 0.020596590909090908 0.025
0 0.2705965909090909 0.8735576923076923 0.0234375 0.032692307692307694
0 0.5880681818181818 0.5057692307692307 0.020596590909090908 0.025961538461538463
0 0.17542613636363635 0.8668269230769231 0.01775568181818182 0.025961538461538463
0 0.4403409090909091 0.6331730769230769 0.016335227272727272 0.025961538461538463
0 0.15589488636363635 0.27884615384615385 0.020596590909090908 0.023076923076923078
0 0.31782670454545453 0.8778846153846154 0.019176136363636364 0.028846153846153848
0 0.6196732954545454 0.10913461538461539 0.022017045454545456 0.026923076923076925
0 0.8206676136363636 0.14711538461538462 0.017045454545454544 0.025
0 0.8416193181818182 0.7514423076923077 0.02130681818181818 0.027884615384615386
0 0.8714488636363636 0.9302884615384616 0.018465909090909092 0.027884615384615386
1 0.8295454545454546 0.8514423076923077 0.019176136363636364 0.025
0 0.041193181818181816 0.11490384615384615 0.02130681818181818 0.028846153846153848
0 0.9651988636363636 0.7110576923076923 0.022727272727272728 0.032692307692307694
1 0.9300426136363636 0.8139423076923077 0.01775568181818182 0.025
0 0.8693181818181818 0.5793269230769231 0.019176136363636364 0.027884615384615386
0 0.8650568181818182 0.7591346153846154 0.022017045454545456 0.03076923076923077
0 0.03586647727272727 0.28942307692307695 0.019176136363636364 0.026923076923076925
0 0.17826704545454544 0.675 0.022727272727272728 0.027884615384615386
0 0.9375 0.9350961538461539 0.022727272727272728 0.026923076923076925
0 0.8852982954545454 0.8947115384615385 0.022727272727272728 0.03076923076923077
0 0.8291903409090909 0.44375 0.022727272727272728 0.026923076923076925
0 0.4772727272727273 0.9639423076923077 0.019176136363636364 0.02980769230769231
0 0.9605823863636364 0.8759615384615385 0.019886363636363636 0.02403846153846154
1 0.7602982954545454 0.35192307692307695 0.015625 0.022115384615384617
0 0.9744318181818182 0.11346153846153846 0.0234375 0.02980769230769231
0 0.2002840909090909 0.21971153846153846 0.020596590909090908 0.026923076923076925
0 0.24005681818181818 0.09278846153846154 0.022727272727272728 0.03076923076923077
1 0.2450284090909091 0.14951923076923077 0.020596590909090908 0.032692307692307694
1 0.7858664772727273 0.6692307692307692 0.02130681818181818 0.028846153846153848
1 0.5216619318181818 0.1875 0.02130681818181818 0.026923076923076925
0 0.2432528409090909 0.94375 0.026278409090909092 0.027884615384615386
0 0.20525568181818182 0.8057692307692308 0.022017045454545456 0.03173076923076923
0 0.15092329545454544 0.9442307692307692 0.02130681818181818 0.027884615384615386
0 0.10830965909090909 0.2610576923076923 0.019176136363636364 0.025961538461538463
1 0.8693181818181818 0.35384615384615387 0.019886363636363636 0.028846153846153848
0 0.8490767045454546 0.0625 0.022017045454545456 0.032692307692307694
1 0.8327414772727273 0.9644230769230769 0.02130681818181818 0.026923076923076925
0 0.8849431818181818 0.23846153846153847 0.020596590909090908 0.027884615384615386
0 0.014914772727272728 0.8831730769230769 0.01775568181818182 0.022115384615384617
0 0.6072443181818182 0.8245192307692307 0.020596590909090908 0.025961538461538463
0 0.4588068181818182 0.2764423076923077 0.019176136363636364 0.02403846153846154
0 0.6963778409090909 0.7307692307692307 0.020596590909090908 0.028846153846153848
0 0.29438920454545453 0.5802884615384616 0.022727272727272728 0.027884615384615386
1 0.7191051136363636 0.16298076923076923 0.020596590909090908 0.023076923076923078
0 0.08203125 0.05961538461538462 0.019886363636363636 0.026923076923076925
0 0.7446732954545454 0.15913461538461537 0.017045454545454544 0.026923076923076925
1 0.9470880681818182 0.4673076923076923 0.019886363636363636 0.02403846153846154
0 0.5245028409090909 0.8798076923076923 0.019176136363636364 0.02403846153846154
0 0.25816761363636365 0.0764423076923077 0.02130681818181818 0.027884615384615386
1 0.8416193181818182 0.33653846153846156 0.019176136363636364 0.02403846153846154
0 0.3799715909090909 0.17307692307692307 0.0234375 0.02980769230769231
0 0.9925426136363636 0.8798076923076923 0.014204545454545454 0.028846153846153848
0 0.7794744318181818 0.23846153846153847 0.022727272727272728 0.028846153846153848
0 0.6448863636363636 0.9605769230769231 0.022017045454545456 0.032692307692307694
0 0.08487215909090909 0.03461538461538462 0.018465909090909092 0.025961538461538463
0 0.30113636363636365 0.8134615384615385 0.019176136363636364 0.02403846153846154
0 0.019176136363636364 0.46826923076923077 0.022017045454545456 0.03173076923076923
0 0.1669034090909091 0.1451923076923077 0.020596590909090908 0.026923076923076925
0 0.7677556818181818 0.925 0.019176136363636364 0.026923076923076925
0 0.9048295454545454 0.23846153846153847 0.019886363636363636 0.025
0 0.3536931818181818 0.8822115384615384 0.020596590909090908 0.02980769230769231
0 0.42826704545454547 0.6432692307692308 0.017045454545454544 0.02403846153846154
0 0.6750710227272727 0.5745192307692307 0.024857954545454544 0.025
0 0.045099431818181816 0.2658653846153846 0.020596590909090908 0.02980769230769231
0 0.011363636363636364 0.13846153846153847 0.022727272727272728 0.026923076923076925
0 0.8778409090909091 0.78125 0.019176136363636364 0.027884615384615386
0 0.014914772727272728 0.3105769230769231 0.020596590909090908 0.028846153846153848
0 0.5642755681818182 0.9504807692307692 0.022017045454545456 0.027884615384615386
1 0.6882102272727273 0.4149038461538462 0.018465909090909092 0.026923076923076925
1 0.80078125 0.28028846153846154 0.016335227272727272 0.022115384615384617
0 0.3799715909090909 0.1 0.020596590909090908 0.023076923076923078
0 0.01065340909090909 0.3423076923076923 0.019176136363636364 0.026923076923076925
0 0.6917613636363636 0.3485576923076923 0.022727272727272728 0.03173076923076923
0 0.9122869318181818 0.7802884615384615 0.022727272727272728 0.027884615384615386
0 0.9272017045454546 0.7024038461538461 0.022017045454545456 0.025961538461538463
0 0.2294034090909091 0.06490384615384616 0.024147727272727272 0.032692307692307694
0 0.33451704545454547 0.8177884615384615 0.022727272727272728 0.026923076923076925
0 0.6700994318181818 0.7658653846153847 0.024857954545454544 0.03173076923076923
0 0.2869318181818182 0.38798076923076924 0.019886363636363636 0.027884615384615386
0 0.6285511363636364 0.41442307692307695 0.022017045454545456 0.027884615384615386
0 0.9598721590909091 0.8951923076923077 0.018465909090909092 0.025
0 0.03125 0.44134615384615383 0.026278409090909092 0.03076923076923077
1 0.08132102272727272 0.31634615384615383 0.01775568181818182 0.02403846153846154
0 0.16619318181818182 0.5014423076923077 0.01775568181818182 0.023076923076923078
0 0.14382102272727273 0.2923076923076923 0.019886363636363636 0.02403846153846154
0 0.052911931818181816 0.65 0.019176136363636364 0.03173076923076923
0 0.12215909090909091 0.8884615384615384 0.017045454545454544 0.025
0 0.9723011363636364 0.19951923076923078 0.019886363636363636 0.028846153846153848
0 0.9765625 0.8899038461538461 0.019886363636363636 0.032692307692307694
0 0.3117897727272727 0.5644230769230769 0.024857954545454544 0.028846153846153848
0 0.3884943181818182 0.80625 0.02130681818181818 0.028846153846153848
0 0.14914772727272727 0.9028846153846154 0.019176136363636364 0.025961538461538463
0 0.9161931818181818 0.18221153846153845 0.02130681818181818 0.026923076923076925
0 0.9296875 0.25721153846153844 0.020596590909090908 0.02980769230769231
0 0.28764204545454547 0.5495192307692308 0.020596590909090908 0.027884615384615386
0 0.9829545454545454 0.46971153846153846 0.020596590909090908 0.026923076923076925
0 0.5134943181818182 0.9456730769230769 0.018465909090909092 0.028846153846153848
0 0.4481534090909091 0.9423076923076923 0.01775568181818182 0.027884615384615386
0 0.36292613636363635 0.8168269230769231 0.022017045454545456 0.027884615384615386
0 0.9090909090909091 0.47836538461538464 0.019176136363636364 0.027884615384615386
0 0.5266335227272727 0.21298076923076922 0.026988636363636364 0.032692307692307694
0 0.9637784090909091 0.5879807692307693 0.019176136363636364 0.027884615384615386
0 0.24254261363636365 0.8533653846153846 0.019176136363636364 0.032692307692307694
0 0.4435369318181818 0.8004807692307693 0.019176136363636364 0.025961538461538463
0 0.7844460227272727 0.9649038461538462 0.022017045454545456 0.027884615384615386
0 0.11789772727272728 0.11923076923076924 0.022017045454545456 0.032692307692307694
0 0.12109375 0.3317307692307692 0.018465909090909092 0.025
1 0.7024147727272727 0.17163461538461539 0.016335227272727272 0.023076923076923078
1 0.13316761363636365 0.5653846153846154 0.019176136363636364 0.026923076923076925
0 0.8916903409090909 0.4721153846153846 0.020596590909090908 0.028846153846153848
0 0.9705255681818182 0.4288461538461538 0.02130681818181818 0.02980769230769231
0 0.32670454545454547 0.38461538461538464 0.019886363636363636 0.02980769230769231
0 0.3235085227272727 0.9302884615384616 0.022017045454545456 0.02403846153846154
0 0.2585227272727273 0.7673076923076924 0.019176136363636364 0.026923076923076925
0 0.8725142045454546 0.4076923076923077 0.019886363636363636 0.027884615384615386
0 0.46342329545454547 0.9774038461538461 0.018465909090909092 0.026923076923076925
0 0.6605113636363636 0.7307692307692307 0.022727272727272728 0.03173076923076923
0 0.16051136363636365 0.9788461538461538 0.024147727272727272 0.03461538461538462
0 0.9200994318181818 0.9134615384615384 0.019176136363636364 0.027884615384615386
0 0.5756392045454546 0.3817307692307692 0.019886363636363636 0.026923076923076925
0 0.5127840909090909 0.7586538461538461 0.02130681818181818 0.028846153846153848
0 0.15482954545454544 0.4913461538461538 0.01775568181818182 0.025
0 0.5067471590909091 0.5572115384615385 0.026278409090909092 0.02980769230769231
1 0.044389204545454544 0.9360576923076923 0.018465909090909092 0.023076923076923078
0 0.7233664772727273 0.7855769230769231 0.019176136363636364 0.027884615384615386
1 0.06214488636363636 0.26009615384615387 0.016335227272727272 0.021153846153846155
0 0.8600852272727273 0.551923076923077 0.019176136363636364 0.023076923076923078
0 0.8533380681818182 0.9576923076923077 0.020596590909090908 0.027884615384615386
0 0.18998579545454544 0.08701923076923077 0.018465909090909092 0.025
0 0.8963068181818182 0.21971153846153846 0.018465909090909092 0.025
0 0.07066761363636363 0.7461538461538462 0.019886363636363636 0.03173076923076923
0 0.60546875 0.5528846153846154 0.019176136363636364 0.03076923076923077
0 0.7887073863636364 0.9413461538461538 0.024147727272727272 0.02980769230769231
0 0.32848011363636365 0.9509615384615384 0.017045454545454544 0.023076923076923078
0 0.22727272727272727 0.1375 0.01775568181818182 0.025961538461538463
0 0.5958806818181818 0.9721153846153846 0.022017045454545456 0.02980769230769231
0 0.08309659090909091 0.9336538461538462 0.020596590909090908 0.026923076923076925
1 0.03480113636363636 0.21586538461538463 0.022727272727272728 0.03173076923076923
0 0.3096590909090909 0.022596153846153846 0.018465909090909092 0.025961538461538463
0 0.5298295454545454 0.7774038461538462 0.02130681818181818 0.028846153846153848
0 0.2521306818181818 0.7129807692307693 0.019176136363636364 0.026923076923076925
0 0.04225852272727273 0.89375 0.018465909090909092 0.025
0 0.7340198863636364 0.9225961538461539 0.019176136363636364 0.028846153846153848
0 0.9041193181818182 0.19615384615384615 0.018465909090909092 0.027884615384615386
0 0.1825284090909091 0.9807692307692307 0.019886363636363636 0.027884615384615386
0 0.008167613636363636 0.5567307692307693 0.016335227272727272 0.028846153846153848
0 0.98828125 0.9197115384615384 0.020596590909090908 0.028846153846153848
0 0.37464488636363635 0.46298076923076925 0.0234375 0.02980769230769231
0 0.9481534090909091 0.4389423076923077 0.026278409090909092 0.032692307692307694
0 0.9879261363636364 0.729326923076923 0.020596590909090908 0.032692307692307694
0 0.37855113636363635 0.8370192307692308 0.020596590909090908 0.026923076923076925
0 0.9282670454545454 0.6793269230769231 0.019176136363636364 0.025961538461538463
0 0.16974431818181818 0.10480769230769231 0.018465909090909092 0.025961538461538463
0 0.2666903409090909 0.9519230769230769 0.02130681818181818 0.03461538461538462
0 0.26917613636363635 0.5461538461538461 0.020596590909090908 0.02403846153846154
0 0.7503551136363636 0.9336538461538462 0.019176136363636364 0.028846153846153848
1 0.5472301136363636 0.9716346153846154 0.018465909090909092 0.025961538461538463
0 0.25532670454545453 0.583173076923077 0.016335227272727272 0.02403846153846154
0 0.3984375 0.9600961538461539 0.02130681818181818 0.03461538461538462
1 0.6463068181818182 0.4269230769230769 0.017045454545454544 0.02403846153846154
0 0.96484375 0.9346153846153846 0.017045454545454544 0.02403846153846154
1 0.06605113636363637 0.40528846153846154 0.019176136363636364 0.023076923076923078
0 0.4719460227272727 0.1076923076923077 0.017045454545454544 0.025
1 0.8824573863636364 0.94375 0.019886363636363636 0.025961538461538463
0 0.47514204545454547 0.5495192307692308 0.019176136363636364 0.026923076923076925
0 0.4811789772727273 0.2173076923076923 0.022017045454545456 0.032692307692307694
0 0.22727272727272727 0.8 0.02130681818181818 0.028846153846153848
0 0.3370028409090909 0.8639423076923077 0.020596590909090908 0.03173076923076923
0 0.4129971590909091 0.7913461538461538 0.022017045454545456 0.025961538461538463
0 0.31640625 0.8173076923076923 0.018465909090909092 0.025961538461538463
1 0.8902698863636364 0.38461538461538464 0.020596590909090908 0.025961538461538463
0 0.2791193181818182 0.6990384615384615 0.022017045454545456 0.027884615384615386
0 0.15944602272727273 0.12259615384615384 0.020596590909090908 0.02403846153846154
0 0.13423295454545456 0.13653846153846153 0.0234375 0.028846153846153848
0 0.4485085227272727 0.44711538461538464 0.017045454545454544 0.025
1 0.7137784090909091 0.18461538461538463 0.019176136363636364 0.023076923076923078
0 0.10866477272727272 0.8913461538461539 0.017045454545454544 0.025
0 0.48579545454545453 0.10096153846153846 0.016335227272727272 0.02403846153846154
0 0.484375 0.9850961538461539 0.019176136363636364 0.02403846153846154
0 0.8533380681818182 0.926923076923077 0.019886363636363636 0.025961538461538463
0 0.9041193181818182 0.9019230769230769 0.019886363636363636 0.026923076923076925
0 0.8494318181818182 0.3629807692307692 0.019886363636363636 0.026923076923076925
0 0.9129971590909091 0.9418269230769231 0.019886363636363636 0.03076923076923077
0 0.8522727272727273 0.23557692307692307 0.017045454545454544 0.023076923076923078
0 0.9247159090909091 0.75 0.02556818181818182 0.02980769230769231
0 0.8387784090909091 0.1326923076923077 0.019176136363636364 0.028846153846153848
0 0.26811079545454547 0.6783653846153846 0.022017045454545456 0.028846153846153848
1 0.8018465909090909 0.09230769230769231 0.020596590909090908 0.028846153846153848
1 0.6221590909090909 0.9673076923076923 0.02130681818181818 0.03173076923076923
0 0.4872159090909091 0.7576923076923077 0.022017045454545456 0.026923076923076925
0 0.3934659090909091 0.12692307692307692 0.01775568181818182 0.027884615384615386
1 0.6281960227272727 0.8947115384615385 0.02556818181818182 0.02980769230769231
0 0.9744318181818182 0.1423076923076923 0.019886363636363636 0.025961538461538463
0 0.9634232954545454 0.2230769230769231 0.019886363636363636 0.028846153846153848
0 0.9460227272727273 0.25432692307692306 0.01775568181818182 0.027884615384615386
0 0.5252130681818182 0.9677884615384615 0.02130681818181818 0.028846153846153848
1 0.6100852272727273 0.4620192307692308 0.015625 0.021153846153846155
0 0.24467329545454544 0.6375 0.022017045454545456 0.023076923076923078
0 0.09481534090909091 0.017451923076923077 0.02130681818181818 0.026923076923076925
0 0.7205255681818182 0.9423076923076923 0.020596590909090908 0.028846153846153848
0 0.4286221590909091 0.8057692307692308 0.016335227272727272 0.025
1 0.39417613636363635 0.5100961538461538 0.020596590909090908 0.026923076923076925
0 0.2265625 0.11538461538461539 0.019176136363636364 0.023076923076923078
0 0.6267755681818182 0.08125 0.024857954545454544 0.035576923076923075
0 0.7972301136363636 0.7471153846153846 0.01775568181818182 0.026923076923076925
0 0.8458806818181818 0.2173076923076923 0.019176136363636364 0.023076923076923078
1 0.5458096590909091 0.7596153846153846 0.02130681818181818 0.028846153846153848
0 0.05504261363636364 0.7432692307692308 0.01775568181818182 0.025961538461538463
0 0.21235795454545456 0.6745192307692308 0.019176136363636364 0.028846153846153848
0 0.8334517045454546 0.9384615384615385 0.020596590909090908 0.02980769230769231
0 0.3781960227272727 0.12211538461538461 0.01775568181818182 0.02403846153846154
0 0.3973721590909091 0.8379807692307693 0.018465909090909092 0.026923076923076925
0 0.048295454545454544 0.5735576923076923 0.019886363636363636 0.028846153846153848
0 0.4346590909090909 0.93125 0.018465909090909092 0.025961538461538463
0 0.3174715909090909 0.5889423076923077 0.020596590909090908 0.026923076923076925
0 0.6857244318181818 0.9663461538461539 0.020596590909090908 0.03365384615384615
1 0.8103693181818182 0.2653846153846154 0.015625 0.023076923076923078
0 0.8533380681818182 0.5692307692307692 0.01775568181818182 0.025961538461538463
0 0.6029829545454546 0.4221153846153846 0.022727272727272728 0.028846153846153848
0 0.19779829545454544 0.6860576923076923 0.019886363636363636 0.028846153846153848
0 0.06143465909090909 0.975 0.020596590909090908 0.03076923076923077
0 0.27201704545454547 0.7759615384615385 0.018465909090909092 0.025961538461538463
0 0.4119318181818182 0.8495192307692307 0.018465909090909092 0.025961538461538463
0 0.015269886363636364 0.7163461538461539 0.02130681818181818 0.02980769230769231
0 0.12748579545454544 0.9745192307692307 0.019886363636363636 0.025
0 0.4822443181818182 0.7264423076923077 0.019886363636363636 0.02980769230769231
0 0.6189630681818182 0.5605769230769231 0.017045454545454544 0.026923076923076925
0 0.3547585227272727 0.6889423076923077 0.020596590909090908 0.03173076923076923
0 0.9723011363636364 0.6817307692307693 0.02130681818181818 0.026923076923076925
0 0.5227272727272727 0.8581730769230769 0.0234375 0.025961538461538463
0 0.35901988636363635 0.37740384615384615 0.019886363636363636 0.025961538461538463
1 0.21022727272727273 0.7004807692307692 0.017045454545454544 0.023076923076923078
0 0.011363636363636364 0.9019230769230769 0.019176136363636364 0.02403846153846154
0 0.5209517045454546 0.7365384615384616 0.022017045454545456 0.026923076923076925
0 0.6974431818181818 0.2326923076923077 0.0234375 0.027884615384615386
0 0.9385653409090909 0.1860576923076923 0.02130681818181818 0.038461538461538464
0 0.5486505681818182 0.7346153846153847 0.02130681818181818 0.025961538461538463
0 0.4460227272727273 0.9860576923076924 0.017045454545454544 0.025
0 0.7581676136363636 0.16442307692307692 0.01775568181818182 0.027884615384615386
0 0.01065340909090909 0.5182692307692308 0.019886363636363636 0.027884615384615386
0 0.26171875 0.5663461538461538 0.018465909090909092 0.025
0 0.8842329545454546 0.1889423076923077 0.022727272727272728 0.03173076923076923
0 0.3132102272727273 0.9456730769230769 0.018465909090909092 0.02403846153846154
0 0.7379261363636364 0.9504807692307692 0.019886363636363636 0.026923076923076925
1 0.4090909090909091 0.4600961538461538 0.018465909090909092 0.025
1 0.8991477272727273 0.9274038461538462 0.019176136363636364 0.025
1 0.7745028409090909 0.6447115384615385 0.019886363636363636 0.025961538461538463
0 0.13742897727272727 0.34471153846153846 0.020596590909090908 0.025961538461538463
0 0.037286931818181816 0.5567307692307693 0.020596590909090908 0.025961538461538463
1 0.9470880681818182 0.22692307692307692 0.019176136363636364 0.026923076923076925
0 0.7223011363636364 0.8076923076923077 0.020596590909090908 0.025
1 0.10120738636363637 0.28221153846153846 0.01775568181818182 0.025
0 0.92578125 0.04855769230769231 0.022727272727272728 0.02980769230769231
0 0.7205255681818182 0.9783653846153846 0.020596590909090908 0.03076923076923077
0 0.2663352272727273 0.6451923076923077 0.019886363636363636 0.026923076923076925
0 0.4875710227272727 0.9177884615384615 0.017045454545454544 0.02403846153846154
0 0.390625 0.7817307692307692 0.022017045454545456 0.025961538461538463
0 0.6825284090909091 0.43701923076923077 0.018465909090909092 0.025961538461538463
0 0.9914772727272727 0.175625 0.017045454545454544 0.026923076923076925
1 0.11505681818181818 0.7129807692307693 0.02130681818181818 0.025961538461538463
0 0.4950284090909091 0.8105769230769231 0.02130681818181818 0.03173076923076923
0 0.2606534090909091 0.0985576923076923 0.020596590909090908 0.025961538461538463
1 0.7986505681818182 0.7048076923076924 0.01775568181818182 0.025
0 0.0865909090909091 0.2715480769230769 0.022286931818181817 0.04309615384615385
0 0.9840198863636364 0.8149038461538461 0.018465909090909092 0.025961538461538463
0 0.2734375 0.6192307692307693 0.016335227272727272 0.023076923076923078
0 0.8494318181818182 0.979326923076923 0.022727272727272728 0.025961538461538463
1 0.2109375 0.5235576923076923 0.019886363636363636 0.025
0 0.27095170454545453 0.052403846153846155 0.019886363636363636 0.025961538461538463
0 0.9612926136363636 0.06923076923076923 0.02130681818181818 0.02980769230769231
0 0.009232954545454546 0.69375 0.01775568181818182 0.028846153846153848
0 0.14524147727272727 0.325 0.01775568181818182 0.027884615384615386
0 0.4747869318181818 0.8370192307692308 0.019886363636363636 0.026923076923076925
1 0.4630681818181818 0.7548076923076923 0.019176136363636364 0.025
0 0.28267045454545453 0.09086538461538461 0.019176136363636364 0.025
0 0.7826704545454546 0.7509615384615385 0.018465909090909092 0.027884615384615386
0 0.49644886363636365 0.7836538461538461 0.018465909090909092 0.027884615384615386
0 0.7521306818181818 0.6894230769230769 0.022017045454545456 0.02980769230769231
0 0.4147727272727273 0.583173076923077 0.022727272727272728 0.026923076923076925
0 0.29829545454545453 0.9403846153846154 0.01775568181818182 0.027884615384615386
1 0.6317471590909091 0.4495192307692308 0.017045454545454544 0.025
0 0.32421875 0.8379807692307693 0.022017045454545456 0.025961538461538463
0 0.9129971590909091 0.3836538461538462 0.0234375 0.023076923076923078
0 0.20632102272727273 0.11153846153846154 0.020596590909090908 0.025961538461538463
0 0.6335227272727273 0.5600961538461539 0.017045454545454544 0.023076923076923078
0 0.7318892045454546 0.05384615384615385 0.022017045454545456 0.03365384615384615
0 0.6633522727272727 0.9668269230769231 0.02130681818181818 0.026923076923076925
1 0.8565340909090909 0.4033653846153846 0.018465909090909092 0.03076923076923077
0 0.8927556818181818 0.6 0.017045454545454544 0.023076923076923078
0 0.3018465909090909 0.8326923076923077 0.019176136363636364 0.025
0 0.9499289772727273 0.7783653846153846 0.020596590909090908 0.025
0 0.057173295454545456 0.29471153846153847 0.022727272727272728 0.026923076923076925
0 0.28373579545454547 0.9403846153846154 0.019176136363636364 0.027884615384615386
0 0.9520596590909091 0.1264423076923077 0.022727272727272728 0.026923076923076925
0 0.07563920454545454 0.9139423076923077 0.015625 0.022115384615384617
0 0.9549005681818182 0.09278846153846154 0.0234375 0.028846153846153848
0 0.9467329545454546 0.5995192307692307 0.02130681818181818 0.026923076923076925
0 0.9264914772727273 0.07115384615384615 0.019176136363636364 0.02403846153846154
0 0.3465909090909091 0.9711538461538461 0.02130681818181818 0.03173076923076923
0 0.7105823863636364 0.7365384615384616 0.019176136363636364 0.025961538461538463
0 0.030894886363636364 0.4894230769230769 0.022017045454545456 0.02980769230769231
0 0.21946022727272727 0.2980769230769231 0.019886363636363636 0.028846153846153848
0 0.9438920454545454 0.6879807692307692 0.017045454545454544 0.023076923076923078
0 0.87890625 0.6091346153846153 0.018465909090909092 0.025
1 0.9446022727272727 0.6701923076923076 0.017045454545454544 0.025
0 0.42542613636363635 0.6245192307692308 0.016335227272727272 0.021153846153846155
0 0.3611505681818182 0.20865384615384616 0.022017045454545456 0.027884615384615386
0 0.5017755681818182 0.8485576923076923 0.017045454545454544 0.028846153846153848
0 0.9580965909090909 0.17403846153846153 0.019886363636363636 0.032692307692307694
1 0.8884943181818182 0.6259615384615385 0.018465909090909092 0.028846153846153848
0 0.62109375 0.5302884615384615 0.01775568181818182 0.025961538461538463
1 0.4620028409090909 0.20625 0.022727272727272728 0.03173076923076923
0 0.7794744318181818 0.013942307692307693 0.020596590909090908 0.027884615384615386
0 0.22727272727272727 0.7490384615384615 0.022017045454545456 0.028846153846153848
1 0.8053977272727273 0.3663461538461538 0.022017045454545456 0.026923076923076925
0 0.8579545454545454 0.48125 0.018465909090909092 0.027884615384615386
0 0.052201704545454544 0.6129807692307693 0.020596590909090908 0.027884615384615386
1 0.9428267045454546 0.07548076923076923 0.018465909090909092 0.025961538461538463
0 0.5298295454545454 0.7528846153846154 0.01775568181818182 0.025961538461538463
0 0.3000710227272727 0.8528846153846154 0.019886363636363636 0.02403846153846154
0 0.8110795454545454 0.3942307692307692 0.019176136363636364 0.026923076923076925
0 0.7649147727272727 0.9466346153846154 0.01775568181818182 0.023076923076923078
0 0.23792613636363635 0.5625 0.020596590909090908 0.028846153846153848
0 0.8011363636363636 0.8822115384615384 0.022017045454545456 0.03076923076923077
0 0.018465909090909092 0.9528846153846153 0.016335227272727272 0.023076923076923078
0 0.03870738636363636 0.9115384615384615 0.019176136363636364 0.022115384615384617
0 0.3522727272727273 0.8379807692307693 0.022727272727272728 0.027884615384615386
1 0.41938920454545453 0.8288461538461539 0.019886363636363636 0.02403846153846154
0 0.3522727272727273 0.03221153846153846 0.022017045454545456 0.028846153846153848
0 0.4609375 0.24004807692307692 0.018465909090909092 0.026923076923076925
0 0.08664772727272728 0.5711538461538461 0.020596590909090908 0.025961538461538463
1 0.27201704545454547 0.7528846153846154 0.019886363636363636 0.026923076923076925
0 0.4133522727272727 0.9850961538461539 0.019176136363636364 0.026923076923076925
0 0.49751420454545453 0.9317307692307693 0.022017045454545456 0.028846153846153848
0 0.9673295454545454 0.8173076923076923 0.018465909090909092 0.02980769230769231
1 0.10298295454545454 0.10192307692307692 0.019176136363636364 0.032692307692307694
1 0.4382102272727273 0.9543269230769231 0.015625 0.023076923076923078
0 0.275703125 0.20099038461538463 0.016335227272727272 0.022115384615384617
0 0.13245738636363635 0.3158653846153846 0.01775568181818182 0.027884615384615386
0 0.10014204545454546 0.06634615384615385 0.019176136363636364 0.028846153846153848
1 0.6374289772727273 0.5389423076923077 0.019176136363636364 0.025961538461538463
1 0.5230823863636364 0.8293269230769231 0.017045454545454544 0.025961538461538463
0 0.32954545454545453 0.9701923076923077 0.019176136363636364 0.025
1 0.9659090909090909 0.4533653846153846 0.019886363636363636 0.028846153846153848
0 0.00887784090909091 0.63125 0.015625 0.023076923076923078
0 0.26988636363636365 0.15240384615384617 0.02130681818181818 0.02980769230769231
0 0.5763494318181818 0.9841346153846153 0.018465909090909092 0.025961538461538463
1 0.8995028409090909 0.6129807692307693 0.014914772727272728 0.021153846153846155
1 0.8963068181818182 0.25625 0.018465909090909092 0.023076923076923078
0 0.5014204545454546 0.026884615384615385 0.01775568181818182 0.023076923076923078
0 0.06356534090909091 0.63125 0.019176136363636364 0.02403846153846154
0 0.2997159090909091 0.010096153846153847 0.017045454545454544 0.020192307692307693
0 0.4914772727272727 0.8341346153846154 0.017045454545454544 0.02403846153846154
0 0.18247159090909093 0.1316923076923077 0.018465909090909092 0.026923076923076925
0 0.3583096590909091 0.8610576923076924 0.019176136363636364 0.02403846153846154
0 0.2560369318181818 0.12451923076923077 0.019886363636363636 0.028846153846153848
0 0.3521306818181818 0.11298076923076923 0.022017045454545456 0.025961538461538463
0 0.7361505681818182 0.9721153846153846 0.016335227272727272 0.025
1 0.8565340909090909 0.10625 0.019886363636363636 0.025
0 0.09126420454545454 0.8836538461538461 0.018465909090909092 0.026923076923076925
0 0.4737215909090909 0.90625 0.019886363636363636 0.03173076923076923
0 0.40482954545454547 0.8216346153846154 0.018465909090909092 0.02403846153846154
0 0.02734375 0.8990384615384616 0.017045454545454544 0.023076923076923078
0 0.03551136363636364 0.6245192307692308 0.01775568181818182 0.025
0 0.3416193181818182 0.3230769230769231 0.02130681818181818 0.025961538461538463
0 0.43004261363636365 0.9783653846153846 0.019886363636363636 0.03365384615384615
0 0.05556107954545455 0.8686634615384615 0.021683238636363636 0.03732692307692308
0 0.2662784090909091 0.9155961538461539 0.03155539772727273 0.03988461538461538
1 0.2622443181818182 0.7049711538461538 0.016931818181818183 0.023769230769230768
0 0.2779474431818182 0.1801730769230769 0.023835227272727275 0.029990384615384617
0 0.49845880681818183 0.012865384615384615 0.015589488636363636 0.01979807692307692
0 0.8562997159090909 0.13508653846153848 0.017329545454545455 0.03426923076923077
0 0.8391335227272727 0.10975961538461539 0.020333806818181817 0.023490384615384614
0 0.6152059659090909 0.44577884615384616 0.021953125 0.025788461538461538
0 0.41306107954545457 0.6087692307692307 0.02539772727272727 0.023076923076923078
0 0.5043607954545455 0.9846442307692307 0.019985795454545454 0.027586538461538464
1 0.31105113636363635 0.9758461538461538 0.021967329545454547 0.029096153846153848
1 0.21589488636363638 0.1270576923076923 0.016377840909090908 0.02064423076923077
1 0.8857599431818183 0.21866346153846153 0.012386363636363638 0.02678846153846154