0 0.44140625 0.5548076923076923 0.019886363636363636 0.025
0 0.6676136363636364 0.35336538461538464 0.019886363636363636 0.025961538461538463
0 0.7329545454545454 0.05096153846153846 0.022727272727272728 0.03173076923076923
0 0.08345170454545454 0.7908653846153846 0.019176136363636364 0.025
0 0.8792613636363636 0.7307692307692307 0.02130681818181818 0.026923076923076925
0 0.8792613636363636 0.36875 0.019886363636363636 0.026923076923076925
0 0.6090198863636364 0.18269230769230768 0.019886363636363636 0.025961538461538463
0 0.6906960227272727 0.44182692307692306 0.018465909090909092 0.025961538461538463
0 0.8792613636363636 0.13798076923076924 0.020596590909090908 0.025961538461538463
0 0.9431818181818182 0.4096153846153846 0.019886363636363636 0.025961538461538463
0 0.7080965909090909 0.25769230769230766 0.02130681818181818 0.026923076923076925
0 0.6221590909090909 0.05048076923076923 0.022017045454545456 0.027884615384615386
0 0.6473721590909091 0.2658653846153846 0.018465909090909092 0.02403846153846154
0 0.7223011363636364 0.4875 0.02130681818181818 0.025961538461538463
0 0.6413352272727273 0.8264423076923076 0.01775568181818182 0.023076923076923078
0 0.5830965909090909 0.5788461538461539 0.019886363636363636 0.025
0 0.5877130681818182 0.3855769230769231 0.019886363636363636 0.025961538461538463
0 0.8149857954545454 0.12163461538461538 0.019176136363636364 0.025
0 0.6459517045454546 0.6254807692307692 0.018465909090909092 0.025
0 0.7560369318181818 0.11730769230769231 0.019886363636363636 0.026923076923076925
0 0.7080965909090909 0.8461538461538461 0.018465909090909092 0.02403846153846154
0 0.8735795454545454 0.675 0.020596590909090908 0.027884615384615386
0 0.6537642045454546 0.7466346153846154 0.020596590909090908 0.028846153846153848
0 0.19282670454545456 0.7418269230769231 0.018465909090909092 0.025
0 0.921875 0.37067307692307694 0.020596590909090908 0.02403846153846154
0 0.5536221590909091 0.8961538461538462 0.01775568181818182 0.02403846153846154
0 0.8167613636363636 0.29134615384615387 0.022727272727272728 0.028846153846153848
0 0.17826704545454544 0.8903846153846153 0.018465909090909092 0.025
0 0.5344460227272727 0.25048076923076923 0.02556818181818182 0.02980769230769231
0 0.6356534090909091 0.7331730769230769 0.018465909090909092 0.025
0 0.9073153409090909 0.05384615384615385 0.02130681818181818 0.028846153846153848
0 0.2908380681818182 0.2725961538461538 0.019886363636363636 0.026923076923076925
0 0.6541193181818182 0.6721153846153847 0.020596590909090908 0.03173076923076923
0 0.7315340909090909 0.15096153846153845 0.019886363636363636 0.028846153846153848
0 0.5912642045454546 0.875 0.02130681818181818 0.027884615384615386
0 0.8661221590909091 0.8086538461538462 0.02130681818181818 0.028846153846153848
0 0.6711647727272727 0.10961538461538461 0.020596590909090908 0.02980769230769231
0 0.5255681818181818 0.6725961538461539 0.018465909090909092 0.02403846153846154
0 0.5298295454545454 0.9259615384615385 0.020596590909090908 0.026923076923076925
0 0.5699573863636364 0.7846153846153846 0.022017045454545456 0.027884615384615386
0 0.23046875 0.27884615384615385 0.018465909090909092 0.026923076923076925
0 0.2936789772727273 0.9153846153846154 0.022727272727272728 0.028846153846153848
0 0.8348721590909091 0.21875 0.020596590909090908 0.027884615384615386
0 0.9595170454545454 0.35721153846153847 0.022727272727272728 0.026923076923076925
0 0.7308238636363636 0.41442307692307695 0.02130681818181818 0.025961538461538463
0 0.16548295454545456 0.6105769230769231 0.02130681818181818 0.027884615384615386
0 0.8813920454545454 0.2456730769230769 0.0234375 0.032692307692307694
0 0.7024147727272727 0.6947115384615384 0.02130681818181818 0.028846153846153848
0 0.35404829545454547 0.6245192307692308 0.019176136363636364 0.027884615384615386
0 0.3721590909090909 0.2173076923076923 0.022727272727272728 0.027884615384615386
0 0.8039772727272727 0.7754807692307693 0.02130681818181818 0.03076923076923077
0 0.9240056818181818 0.8110576923076923 0.019886363636363636 0.025961538461538463
0 0.6686789772727273 0.052884615384615384 0.019176136363636364 0.025961538461538463
0 0.03444602272727273 0.725 0.022727272727272728 0.025961538461538463
0 0.17826704545454544 0.3331730769230769 0.019886363636363636 0.027884615384615386
0 0.25426136363636365 0.7346153846153847 0.01775568181818182 0.025
0 0.234375 0.9432692307692307 0.020596590909090908 0.027884615384615386
0 0.3313210227272727 0.3548076923076923 0.019176136363636364 0.025961538461538463
0 0.13884943181818182 0.6956730769230769 0.02130681818181818 0.027884615384615386
0 0.25426136363636365 0.3903846153846154 0.02130681818181818 0.027884615384615386
0 0.33203125 0.5735576923076923 0.01775568181818182 0.02403846153846154
0 0.12109375 0.7668269230769231 0.02130681818181818 0.02980769230769231
0 0.14524147727272727 0.81875 0.024147727272727272 0.02980769230769231
0 0.31392045454545453 0.1326923076923077 0.018465909090909092 0.025
0 0.7808948863636364 0.5278846153846154 0.02130681818181818 0.025961538461538463
0 0.5617897727272727 0.16634615384615384 0.022017045454545456 0.026923076923076925
0 0.6143465909090909 0.25048076923076923 0.019886363636363636 0.028846153846153848
0 0.6463068181818182 0.18076923076923077 0.020596590909090908 0.025961538461538463
0 0.8107244318181818 0.8552884615384615 0.019176136363636364 0.02403846153846154
0 0.7745028409090909 0.038461538461538464 0.022727272727272728 0.028846153846153848
0 0.8313210227272727 0.46490384615384617 0.0234375 0.028846153846153848
0 0.9250710227272727 0.7600961538461538 0.019886363636363636 0.027884615384615386
0 0.07102272727272728 0.698076923076923 0.0234375 0.032692307692307694
0 0.95703125 0.24423076923076922 0.01775568181818182 0.025961538461538463
0 0.5916193181818182 0.28028846153846154 0.022017045454545456 0.026923076923076925
0 0.9016335227272727 0.5221153846153846 0.022727272727272728 0.02980769230769231
0 0.4893465909090909 0.46875 0.020596590909090908 0.027884615384615386
0 0.9872159090909091 0.15384615384615385 0.022017045454545456 0.03076923076923077
0 0.7965198863636364 0.20528846153846153 0.018465909090909092 0.02980769230769231
0 0.7414772727272727 0.32548076923076924 0.022017045454545456 0.02980769230769231
0 0.44105113636363635 0.08605769230769231 0.0234375 0.027884615384615386
0 0.10901988636363637 0.4548076923076923 0.019886363636363636 0.028846153846153848
0 0.6764914772727273 0.2899038461538462 0.02130681818181818 0.026923076923076925
0 0.5397727272727273 0.64375 0.020596590909090908 0.025
0 0.3586647727272727 0.79375 0.020596590909090908 0.02980769230769231
0 0.5060369318181818 0.07211538461538461 0.019886363636363636 0.02403846153846154
0 0.25035511363636365 0.9086538461538461 0.018465909090909092 0.026923076923076925
0 0.5465198863636364 0.6081730769230769 0.022727272727272728 0.027884615384615386
0 0.6839488636363636 0.8889423076923076 0.020596590909090908 0.028846153846153848
0 0.2872869318181818 0.11394230769230769 0.019886363636363636 0.026923076923076925
0 0.48686079545454547 0.37548076923076923 0.019886363636363636 0.02980769230769231
0 0.5021306818181818 0.8649038461538462 0.022017045454545456 0.025961538461538463
0 0.8732244318181818 0.95 0.019886363636363636 0.028846153846153848
0 0.23508522727272727 0.5408653846153846 0.019886363636363636 0.025
0 0.3927556818181818 0.3038461538461538 0.020596590909090908 0.027884615384615386
0 0.4442471590909091 0.4826923076923077 0.022727272727272728 0.027884615384615386
0 0.019886363636363636 0.7475961538461539 0.0234375 0.028846153846153848
0 0.6495028409090909 0.51875 0.019886363636363636 0.027884615384615386
0 0.6931818181818182 0.4807692307692308 0.019886363636363636 0.028846153846153848
0 0.1768465909090909 0.7028846153846153 0.022727272727272728 0.028846153846153848
0 0.5816761363636364 0.47644230769230766 0.01775568181818182 0.025
0 0.7894176136363636 0.4485576923076923 0.016335227272727272 0.023076923076923078
0 0.9740767045454546 0.6889423076923077 0.018465909090909092 0.022115384615384617
0 0.6345880681818182 0.36153846153846153 0.019886363636363636 0.027884615384615386
0 0.8526278409090909 0.15432692307692308 0.020596590909090908 0.025
0 0.7233664772727273 0.20048076923076924 0.022727272727272728 0.028846153846153848
0 0.5291193181818182 0.10673076923076923 0.022017045454545456 0.025961538461538463
1 0.6899857954545454 0.16538461538461538 0.019176136363636364 0.027884615384615386
0 0.4446022727272727 0.7350961538461539 0.020596590909090908 0.028846153846153848
0 0.8071732954545454 0.04951923076923077 0.02130681818181818 0.027884615384615386
0 0.5656960227272727 0.3471153846153846 0.022017045454545456 0.03173076923076923
0 0.18181818181818182 0.3956730769230769 0.02130681818181818 0.025961538461538463
0 0.7173295454545454 0.33365384615384613 0.026278409090909092 0.028846153846153848
0 0.6431107954545454 0.39807692307692305 0.019886363636363636 0.028846153846153848
0 0.13245738636363635 0.6235576923076923 0.022727272727272728 0.02980769230769231
0 0.2254971590909091 0.08942307692307692 0.022727272727272728 0.026923076923076925
0 0.42223011363636365 0.46105769230769234 0.02130681818181818 0.025961538461538463
0 0.4147727272727273 0.7427884615384616 0.022727272727272728 0.026923076923076925
0 0.9453125 0.7182692307692308 0.018465909090909092 0.025
0 0.05823863636363636 0.46826923076923077 0.02130681818181818 0.027884615384615386
0 0.3029119318181818 0.2528846153846154 0.019176136363636364 0.025961538461538463
0 0.3927556818181818 0.4908653846153846 0.018465909090909092 0.025961538461538463
0 0.8373579545454546 0.08317307692307692 0.019886363636363636 0.028846153846153848
0 0.7681107954545454 0.28365384615384615 0.02130681818181818 0.028846153846153848
0 0.07492897727272728 0.635576923076923 0.020596590909090908 0.025
0 0.17507102272727273 0.9509615384615384 0.019886363636363636 0.03173076923076923
0 0.9076704545454546 0.47596153846153844 0.019176136363636364 0.026923076923076925
0 0.9538352272727273 0.948076923076923 0.01775568181818182 0.025
0 0.7933238636363636 0.9048076923076923 0.0234375 0.028846153846153848
0 0.9012784090909091 0.5701923076923077 0.02556818181818182 0.027884615384615386
1 0.2215909090909091 0.44759615384615387 0.01775568181818182 0.023076923076923078
0 0.7734375 0.5788461538461539 0.022727272727272728 0.03173076923076923
0 0.890625 0.4855769230769231 0.022017045454545456 0.027884615384615386
0 0.3515625 0.5134615384615384 0.020596590909090908 0.02980769230769231
0 0.7897727272727273 0.29278846153846155 0.022017045454545456 0.027884615384615386
0 0.5763494318181818 0.25240384615384615 0.019176136363636364 0.025
0 0.9115767045454546 0.4201923076923077 0.02556818181818182 0.02980769230769231
0 0.7347301136363636 0.7735576923076923 0.02130681818181818 0.03076923076923077
0 0.8892045454545454 0.9365384615384615 0.01775568181818182 0.028846153846153848
0 0.06498579545454546 0.5298076923076923 0.022017045454545456 0.027884615384615386
0 0.6480823863636364 0.9153846153846154 0.024147727272727272 0.02980769230769231
0 0.3142755681818182 0.35865384615384616 0.019176136363636364 0.027884615384615386
0 0.5909090909090909 0.7451923076923077 0.020596590909090908 0.025
1 0.3288352272727273 0.7331730769230769 0.02130681818181818 0.02980769230769231
0 0.9012784090909091 0.16826923076923078 0.019886363636363636 0.025
0 0.14524147727272727 0.35865384615384616 0.02556818181818182 0.026923076923076925
0 0.11825284090909091 0.07740384615384616 0.020596590909090908 0.032692307692307694
0 0.31498579545454547 0.8096153846153846 0.02130681818181818 0.027884615384615386
0 0.5408380681818182 0.21394230769230768 0.022017045454545456 0.026923076923076925
0 0.37464488636363635 0.2956730769230769 0.022017045454545456 0.028846153846153848
0 0.06782670454545454 0.8966346153846154 0.02130681818181818 0.032692307692307694
0 0.06356534090909091 0.4048076923076923 0.020596590909090908 0.025
0 0.3366477272727273 0.8177884615384615 0.018465909090909092 0.02403846153846154
0 0.25 0.2980769230769231 0.019176136363636364 0.025961538461538463
0 0.7634943181818182 0.16009615384615383 0.020596590909090908 0.027884615384615386
0 0.39453125 0.8519230769230769 0.019886363636363636 0.025961538461538463
0 0.08309659090909091 0.5009615384615385 0.02130681818181818 0.027884615384615386
1 0.5021306818181818 0.17836538461538462 0.014914772727272728 0.019230769230769232
0 0.7439630681818182 0.8418269230769231 0.018465909090909092 0.025961538461538463
0 0.2421875 0.583173076923077 0.020596590909090908 0.032692307692307694
0 0.8735795454545454 0.058653846153846154 0.022727272727272728 0.02980769230769231
0 0.4893465909090909 0.2701923076923077 0.019176136363636364 0.032692307692307694
0 0.6750710227272727 0.1918269230769231 0.02130681818181818 0.026923076923076925
0 0.5763494318181818 0.32740384615384616 0.019176136363636364 0.026923076923076925
0 0.47691761363636365 0.73125 0.022017045454545456 0.026923076923076925
0 0.7457386363636364 0.7480769230769231 0.01775568181818182 0.026923076923076925
0 0.5514914772727273 0.1985576923076923 0.019886363636363636 0.02403846153846154
0 0.12642045454545456 0.8110576923076923 0.020596590909090908 0.025961538461538463
0 0.31782670454545453 0.6778846153846154 0.018465909090909092 0.025
0 0.16157670454545456 0.20384615384615384 0.02130681818181818 0.02980769230769231
0 0.7848011363636364 0.36923076923076925 0.022727272727272728 0.02403846153846154
0 0.4200994318181818 0.16442307692307692 0.0234375 0.027884615384615386
0 0.016690340909090908 0.8129807692307692 0.022727272727272728 0.025961538461538463
0 0.7940340909090909 0.88125 0.018465909090909092 0.023076923076923078
0 0.9829545454545454 0.37548076923076923 0.018465909090909092 0.025
0 0.67578125 0.6855769230769231 0.022017045454545456 0.0375
0 0.7940340909090909 0.5995192307692307 0.019176136363636364 0.03173076923076923
0 0.09978693181818182 0.6254807692307692 0.020596590909090908 0.02403846153846154
0 0.41264204545454547 0.057692307692307696 0.020596590909090908 0.025
0 0.7727272727272727 0.4528846153846154 0.01775568181818182 0.021153846153846155
0 0.7855113636363636 0.06875 0.024147727272727272 0.025961538461538463
0 0.6633522727272727 0.16971153846153847 0.019176136363636364 0.025
0 0.24609375 0.8379807692307693 0.020596590909090908 0.027884615384615386
0 0.23863636363636365 0.022115384615384617 0.020596590909090908 0.02980769230769231
0 0.39098011363636365 0.8269230769230769 0.019176136363636364 0.027884615384615386
0 0.4481534090909091 0.6221153846153846 0.02130681818181818 0.028846153846153848
0 0.42720170454545453 0.7956730769230769 0.01775568181818182 0.028846153846153848
0 0.8579545454545454 0.3004807692307692 0.022727272727272728 0.03653846153846154
0 0.5280539772727273 0.3557692307692308 0.020596590909090908 0.028846153846153848
0 0.7748579545454546 0.2620192307692308 0.019886363636363636 0.02403846153846154
0 0.8249289772727273 0.3701923076923077 0.020596590909090908 0.025961538461538463
0 0.06463068181818182 0.49951923076923077 0.020596590909090908 0.027884615384615386
0 0.7496448863636364 0.010096153846153847 0.017045454545454544 0.020192307692307693
0 0.05007102272727273 0.8735576923076923 0.022727272727272728 0.026923076923076925
0 0.9115767045454546 0.18365384615384617 0.01775568181818182 0.023076923076923078
0 0.44105113636363635 0.6009615384615384 0.018465909090909092 0.02403846153846154
0 0.6832386363636364 0.541826923076923 0.020596590909090908 0.027884615384615386
0 0.6750710227272727 0.5168269230769231 0.020596590909090908 0.028846153846153848
0 0.5557528409090909 0.28221153846153846 0.02556818181818182 0.025
0 0.44673295454545453 0.7875 0.0234375 0.03076923076923077
0 0.4609375 0.7192307692307692 0.020596590909090908 0.026923076923076925
0 0.2315340909090909 0.30865384615384617 0.019176136363636364 0.025
0 0.42720170454545453 0.6139423076923077 0.022727272727272728 0.028846153846153848
0 0.9261363636363636 0.10384615384615385 0.022017045454545456 0.027884615384615386
0 0.7762784090909091 0.7711538461538462 0.019176136363636364 0.028846153846153848
0 0.3313210227272727 0.20817307692307693 0.022017045454545456 0.026923076923076925
1 0.6647727272727273 0.40865384615384615 0.01775568181818182 0.023076923076923078
0 0.42223011363636365 0.8701923076923077 0.020596590909090908 0.026923076923076925
0 0.011008522727272728 0.1201923076923077 0.020596590909090908 0.03173076923076923
0 0.9293323863636364 0.18653846153846154 0.019886363636363636 0.03076923076923077
0 0.8238636363636364 0.3456730769230769 0.020596590909090908 0.026923076923076925
0 0.13139204545454544 0.9461538461538461 0.019886363636363636 0.03173076923076923
0 0.41761363636363635 0.5653846153846154 0.02130681818181818 0.02980769230769231
1 0.5941051136363636 0.7836538461538461 0.020596590909090908 0.026923076923076925
0 0.7990056818181818 0.38653846153846155 0.022727272727272728 0.02980769230769231
0 0.8050426136363636 0.35096153846153844 0.019886363636363636 0.02403846153846154
0 0.7077414772727273 0.22067307692307692 0.020596590909090908 0.025
0 0.2638494318181818 0.6908653846153846 0.020596590909090908 0.023076923076923078
0 0.7872869318181818 0.55 0.019176136363636364 0.02403846153846154
1 0.07208806818181818 0.3014423076923077 0.018465909090909092 0.025
0 0.9076704545454546 0.25384615384615383 0.019886363636363636 0.025961538461538463
0 0.8306107954545454 0.6855769230769231 0.019886363636363636 0.02980769230769231
1 0.8096590909090909 0.3331730769230769 0.01775568181818182 0.022115384615384617
0 0.9421164772727273 0.6322115384615384 0.02130681818181818 0.03173076923076923
0 0.9247159090909091 0.48365384615384616 0.019176136363636364 0.02403846153846154
0 0.37251420454545453 0.8197115384615384 0.01775568181818182 0.02403846153846154
0 0.1963778409090909 0.8283653846153847 0.019176136363636364 0.03173076923076923
0 0.9676846590909091 0.6105769230769231 0.018465909090909092 0.025961538461538463
1 0.9857954545454546 0.8067307692307693 0.019886363636363636 0.027884615384615386
0 0.9353693181818182 0.11923076923076924 0.02130681818181818 0.025961538461538463
0 0.7620738636363636 0.7543269230769231 0.01775568181818182 0.03076923076923077
0 0.40482954545454547 0.8173076923076923 0.017045454545454544 0.028846153846153848
1 0.4392755681818182 0.008173076923076924 0.017045454545454544 0.016346153846153847
0 0.3313210227272727 0.24951923076923077 0.01775568181818182 0.028846153846153848
0 0.4776278409090909 0.88125 0.020596590909090908 0.03365384615384615
0 0.6271306818181818 0.8735576923076923 0.018465909090909092 0.028846153846153848
0 0.8654119318181818 0.0875 0.020596590909090908 0.032692307692307694
0 0.6260653409090909 0.009615384615384616 0.019176136363636364 0.019230769230769232
1 0.55078125 0.9658653846153846 0.015625 0.022115384615384617
0 0.05788352272727273 0.4360576923076923 0.02130681818181818 0.02980769230769231
0 0.34126420454545453 0.1918269230769231 0.022017045454545456 0.023076923076923078
0 0.7123579545454546 0.9725961538461538 0.02556818181818182 0.026923076923076925
0 0.06782670454545454 0.2091346153846154 0.020596590909090908 0.028846153846153848
1 0.7691761363636364 0.7278846153846154 0.016335227272727272 0.020192307692307693
0 0.05433238636363636 0.17740384615384616 0.01775568181818182 0.022115384615384617
1 0.11434659090909091 0.9543269230769231 0.01775568181818182 0.026923076923076925
0 0.9343039772727273 0.16009615384615383 0.022017045454545456 0.022115384615384617
1 0.056107954545454544 0.19230769230769232 0.017045454545454544 0.020192307692307693