0 0.4811789772727273 0.28221153846153846 0.018465909090909092 0.02403846153846154
0 0.9193892045454546 0.7596153846153846 0.019176136363636364 0.027884615384615386
0 0.7276278409090909 0.08173076923076923 0.020596590909090908 0.027884615384615386
0 0.5049715909090909 0.16778846153846153 0.02130681818181818 0.03076923076923077
0 0.921875 0.36778846153846156 0.019886363636363636 0.025961538461538463
0 0.7425426136363636 0.8673076923076923 0.01775568181818182 0.02403846153846154
0 0.7702414772727273 0.5350961538461538 0.01775568181818182 0.022115384615384617
0 0.41548295454545453 0.8769230769230769 0.020596590909090908 0.026923076923076925
0 0.5759943181818182 0.40240384615384617 0.015625 0.023076923076923078
0 0.9026988636363636 0.43653846153846154 0.017045454545454544 0.02403846153846154
0 0.4090909090909091 0.37403846153846154 0.019176136363636364 0.025
0 0.7219460227272727 0.15384615384615385 0.019176136363636364 0.025961538461538463
0 0.5181107954545454 0.3870192307692308 0.017045454545454544 0.021153846153846155
0 0.2666903409090909 0.9350961538461539 0.016335227272727272 0.023076923076923078
0 0.40589488636363635 0.49567307692307694 0.017045454545454544 0.023076923076923078
0 0.8650568181818182 0.9682692307692308 0.018465909090909092 0.022115384615384617
0 0.08096590909090909 0.8615384615384616 0.018465909090909092 0.025
0 0.5330255681818182 0.6413461538461539 0.017045454545454544 0.023076923076923078
0 0.2080965909090909 0.2514423076923077 0.01775568181818182 0.023076923076923078
0 0.10049715909090909 0.8245192307692307 0.018465909090909092 0.025
0 0.6214488636363636 0.49951923076923077 0.019886363636363636 0.02980769230769231
0 0.4715909090909091 0.9629807692307693 0.016335227272727272 0.02403846153846154
0 0.10617897727272728 0.09903846153846153 0.019886363636363636 0.025961538461538463
0 0.55859375 0.3995192307692308 0.01775568181818182 0.023076923076923078
0 0.4406960227272727 0.38798076923076924 0.01775568181818182 0.025961538461538463
0 0.5035511363636364 0.43317307692307694 0.019176136363636364 0.025961538461538463
1 0.36754261363636365 0.34375 0.015625 0.020192307692307693
0 0.11115056818181818 0.6802884615384616 0.018465909090909092 0.025961538461538463
0 0.6420454545454546 0.13413461538461538 0.019886363636363636 0.025961538461538463
0 0.7013494318181818 0.55625 0.022017045454545456 0.026923076923076925
0 0.3483664772727273 0.47259615384615383 0.022017045454545456 0.028846153846153848
0 0.21058238636363635 0.2759615384615385 0.016335227272727272 0.023076923076923078
0 0.14701704545454544 0.7591346153846154 0.01775568181818182 0.025
0 0.39417613636363635 0.9418269230769231 0.017045454545454544 0.023076923076923078
0 0.40873579545454547 0.6985576923076923 0.019176136363636364 0.02403846153846154
0 0.5316051136363636 0.10192307692307692 0.018465909090909092 0.023076923076923078
0 0.9396306818181818 0.7740384615384616 0.015625 0.023076923076923078
0 0.57421875 0.74375 0.017045454545454544 0.021153846153846155
0 0.5724431818181818 0.2644230769230769 0.017045454545454544 0.022115384615384617
0 0.4289772727272727 0.6894230769230769 0.019886363636363636 0.025
0 0.96484375 0.14903846153846154 0.019176136363636364 0.023076923076923078
0 0.7769886363636364 0.10384615384615385 0.02130681818181818 0.02980769230769231
0 0.6484375 0.8115384615384615 0.017045454545454544 0.022115384615384617
0 0.7183948863636364 0.020673076923076922 0.0234375 0.027884615384615386
0 0.6803977272727273 0.7211538461538461 0.018465909090909092 0.023076923076923078
0 0.5980113636363636 0.36682692307692305 0.019886363636363636 0.026923076923076925
0 0.8171164772727273 0.06153846153846154 0.020596590909090908 0.028846153846153848
1 0.5635653409090909 0.5615384615384615 0.016335227272727272 0.020192307692307693
0 0.7027698863636364 0.4894230769230769 0.017045454545454544 0.022115384615384617
0 0.8916903409090909 0.35528846153846155 0.018465909090909092 0.026923076923076925
0 0.47017045454545453 0.8649038461538462 0.017045454545454544 0.022115384615384617
0 0.5525568181818182 0.14038461538461539 0.018465909090909092 0.025
0 0.07919034090909091 0.34807692307692306 0.019886363636363636 0.026923076923076925
0 0.8210227272727273 0.9451923076923077 0.01775568181818182 0.023076923076923078
0 0.2663352272727273 0.8673076923076923 0.019886363636363636 0.025961538461538463
0 0.4900568181818182 0.8475961538461538 0.022017045454545456 0.025961538461538463
0 0.8991477272727273 0.5586538461538462 0.019176136363636364 0.02403846153846154
0 0.5795454545454546 0.6471153846153846 0.015625 0.021153846153846155
0 0.7553267045454546 0.06201923076923077 0.01775568181818182 0.023076923076923078
0 0.022727272727272728 0.7995192307692308 0.01775568181818182 0.025
0 0.4900568181818182 0.3019230769230769 0.018465909090909092 0.023076923076923078
0 0.6299715909090909 0.41778846153846155 0.019176136363636364 0.025961538461538463
0 0.6356534090909091 0.9317307692307693 0.02130681818181818 0.03076923076923077
0 0.3224431818181818 0.7802884615384615 0.01775568181818182 0.022115384615384617
0 0.45951704545454547 0.5423076923076923 0.018465909090909092 0.02403846153846154
0 0.9279119318181818 0.11875 0.019886363636363636 0.025
0 0.48046875 0.5951923076923077 0.018465909090909092 0.023076923076923078
0 0.47691761363636365 0.12740384615384615 0.018465909090909092 0.023076923076923078
0 0.5749289772727273 0.8360576923076923 0.018465909090909092 0.026923076923076925
0 0.8924005681818182 0.10528846153846154 0.016335227272727272 0.022115384615384617
0 0.8540482954545454 0.5129807692307692 0.018465909090909092 0.021153846153846155
0 0.4939630681818182 0.6192307692307693 0.01775568181818182 0.023076923076923078
0 0.4715909090909091 0.6163461538461539 0.019176136363636364 0.02403846153846154
0 0.6729403409090909 0.1451923076923077 0.019886363636363636 0.027884615384615386
0 0.7496448863636364 0.08942307692307692 0.019886363636363636 0.025961538461538463
1 0.5337357954545454 0.022115384615384617 0.014204545454545454 0.01826923076923077
0 0.06534090909090909 0.7216346153846154 0.01775568181818182 0.023076923076923078
1 0.7638494318181818 0.38509615384615387 0.016335227272727272 0.021153846153846155
0 0.5046164772727273 0.35625 0.01775568181818182 0.023076923076923078
0 0.8014914772727273 0.6567307692307692 0.018465909090909092 0.025961538461538463
0 0.6573153409090909 0.04807692307692308 0.017045454545454544 0.022115384615384617
0 0.09375 0.9572115384615385 0.018465909090909092 0.02403846153846154
0 0.2940340909090909 0.7942307692307692 0.018465909090909092 0.025
0 0.9108664772727273 0.5754807692307692 0.019886363636363636 0.025961538461538463
0 0.7638494318181818 0.4375 0.019886363636363636 0.027884615384615386
0 0.9303977272727273 0.4826923076923077 0.01775568181818182 0.025961538461538463
0 0.3536931818181818 0.04855769230769231 0.022727272727272728 0.026923076923076925
0 0.3661221590909091 0.6576923076923077 0.01775568181818182 0.025
0 0.6075994318181818 0.7158653846153846 0.018465909090909092 0.025
0 0.6150568181818182 0.7677884615384616 0.018465909090909092 0.03076923076923077
0 0.7563920454545454 0.958173076923077 0.019176136363636364 0.027884615384615386
0 0.3185369318181818 0.08990384615384615 0.017045454545454544 0.022115384615384617
1 0.7883522727272727 0.791826923076923 0.019886363636363636 0.023076923076923078
1 0.7897727272727273 0.31153846153846154 0.016335227272727272 0.022115384615384617
0 0.4208096590909091 0.11201923076923077 0.016335227272727272 0.023076923076923078
0 0.24005681818181818 0.05625 0.019886363636363636 0.025
0 0.7368607954545454 0.2826923076923077 0.016335227272727272 0.022115384615384617
0 0.4797585227272727 0.7149038461538462 0.01775568181818182 0.02403846153846154
0 0.8199573863636364 0.3278846153846154 0.017045454545454544 0.026923076923076925
0 0.6569602272727273 0.8711538461538462 0.01775568181818182 0.02403846153846154
0 0.07102272727272728 0.6903846153846154 0.02130681818181818 0.02980769230769231
0 0.2801846590909091 0.15625 0.019886363636363636 0.025
0 0.009232954545454546 0.22355769230769232 0.01775568181818182 0.035576923076923075
0 0.3561789772727273 0.676923076923077 0.01775568181818182 0.023076923076923078
0 0.2432528409090909 0.6283653846153846 0.019886363636363636 0.025961538461538463
0 0.10404829545454546 0.90625 0.019886363636363636 0.027884615384615386
0 0.2588778409090909 0.24375 0.017045454545454544 0.023076923076923078
0 0.4442471590909091 0.5504807692307693 0.017045454545454544 0.023076923076923078
0 0.3096590909090909 0.7971153846153847 0.016335227272727272 0.022115384615384617
0 0.30326704545454547 0.8721153846153846 0.018465909090909092 0.025
0 0.041548295454545456 0.9240384615384616 0.019176136363636364 0.026923076923076925
0 0.9669744318181818 0.7115384615384616 0.02556818181818182 0.02980769230769231
0 0.45561079545454547 0.28125 0.018465909090909092 0.02403846153846154
0 0.41015625 0.8221153846153846 0.01775568181818182 0.02403846153846154
0 0.1903409090909091 0.4548076923076923 0.022017045454545456 0.027884615384615386
1 0.3274147727272727 0.22596153846153846 0.01775568181818182 0.021153846153846155
0 0.26420454545454547 0.8360576923076923 0.019176136363636364 0.025961538461538463
0 0.01171875 0.41057692307692306 0.022727272727272728 0.027884615384615386
0 0.09410511363636363 0.4495192307692308 0.018465909090909092 0.025
0 0.48863636363636365 0.8822115384615384 0.018465909090909092 0.026923076923076925
0 0.296875 0.8447115384615385 0.019176136363636364 0.027884615384615386
0 0.8458806818181818 0.7610576923076923 0.017045454545454544 0.025
0 0.5688920454545454 0.6841346153846154 0.01775568181818182 0.02403846153846154
0 0.9651988636363636 0.06009615384615385 0.018465909090909092 0.023076923076923078
1 0.9375 0.5403846153846154 0.019176136363636364 0.025961538461538463
0 0.3874289772727273 0.9149038461538461 0.01775568181818182 0.023076923076923078
1 0.13600852272727273 0.38317307692307695 0.016335227272727272 0.021153846153846155
0 0.03622159090909091 0.9552884615384616 0.019176136363636364 0.025961538461538463
0 0.5415482954545454 0.6173076923076923 0.017045454545454544 0.025961538461538463
0 0.41796875 0.014903846153846155 0.019176136363636364 0.025961538461538463
0 0.8512073863636364 0.4639423076923077 0.019176136363636364 0.025
0 0.46875 0.2144230769230769 0.018465909090909092 0.02403846153846154
0 0.4499289772727273 0.5841346153846154 0.017045454545454544 0.023076923076923078
0 0.7262073863636364 0.7769230769230769 0.020596590909090908 0.032692307692307694
1 0.19744318181818182 0.5173076923076924 0.018465909090909092 0.022115384615384617
0 0.3196022727272727 0.7375 0.018465909090909092 0.025961538461538463
0 0.6892755681818182 0.48125 0.017045454545454544 0.021153846153846155
1 0.3884943181818182 0.2173076923076923 0.018465909090909092 0.025
0 0.7631392045454546 0.8043269230769231 0.019176136363636364 0.025
0 0.37890625 0.27307692307692305 0.01775568181818182 0.022115384615384617
1 0.06534090909090909 0.16682692307692307 0.018465909090909092 0.025961538461538463
0 0.7439630681818182 0.6836538461538462 0.019176136363636364 0.026923076923076925
0 0.041193181818181816 0.07211538461538461 0.018465909090909092 0.025
0 0.6328125 0.7581730769230769 0.01775568181818182 0.02403846153846154
0 0.11860795454545454 0.9528846153846153 0.019176136363636364 0.025961538461538463
0 0.46910511363636365 0.05625 0.018465909090909092 0.026923076923076925
0 0.3781960227272727 0.2923076923076923 0.01775568181818182 0.02403846153846154
0 0.3444602272727273 0.42980769230769234 0.019886363636363636 0.025
0 0.2801846590909091 0.20817307692307693 0.017045454545454544 0.02403846153846154
0 0.97265625 0.4322115384615385 0.019176136363636364 0.025961538461538463
0 0.11008522727272728 0.06490384615384616 0.01775568181818182 0.022115384615384617
0 0.47123579545454547 0.011057692307692308 0.017045454545454544 0.022115384615384617
1 0.022727272727272728 0.1076923076923077 0.016335227272727272 0.021153846153846155
0 0.6491477272727273 0.7466346153846154 0.018465909090909092 0.023076923076923078
1 0.16015625 0.2528846153846154 0.019176136363636364 0.025
1 0.8153409090909091 0.8 0.016335227272727272 0.022115384615384617
0 0.9275568181818182 0.1548076923076923 0.020596590909090908 0.025961538461538463
1 0.85546875 0.8817307692307692 0.017045454545454544 0.021153846153846155
0 0.8916903409090909 0.7677884615384616 0.01775568181818182 0.025961538461538463
0 0.5909090909090909 0.2879807692307692 0.01775568181818182 0.023076923076923078
0 0.4328835227272727 0.9533653846153847 0.01775568181818182 0.025
0 0.9375 0.13942307692307693 0.018465909090909092 0.02403846153846154
0 0.6725852272727273 0.036057692307692304 0.020596590909090908 0.02980769230769231
0 0.13813920454545456 0.26778846153846153 0.018465909090909092 0.025961538461538463
0 0.7606534090909091 0.011538461538461539 0.019176136363636364 0.023076923076923078
1 0.9506392045454546 0.9110576923076923 0.017045454545454544 0.022115384615384617
0 0.4055397727272727 0.10817307692307693 0.020596590909090908 0.027884615384615386
0 0.24147727272727273 0.47307692307692306 0.017045454545454544 0.021153846153846155
0 0.32670454545454547 0.28125 0.01775568181818182 0.022115384615384617
0 0.7666903409090909 0.7177884615384615 0.019886363636363636 0.025
0 0.25816761363636365 0.5692307692307692 0.019886363636363636 0.026923076923076925
0 0.17720170454545456 0.20817307692307693 0.01775568181818182 0.023076923076923078
1 0.44282670454545453 0.10625 0.017045454545454544 0.02403846153846154
0 0.5131392045454546 0.583173076923077 0.01775568181818182 0.025961538461538463
0 0.3181818181818182 0.6048076923076923 0.017045454545454544 0.022115384615384617
0 0.012428977272727272 0.15625 0.016335227272727272 0.022115384615384617
0 0.7872869318181818 0.6514423076923077 0.015625 0.021153846153846155
0 0.06747159090909091 0.8995192307692308 0.020596590909090908 0.026923076923076925
0 0.03977272727272727 0.3716346153846154 0.018465909090909092 0.025
0 0.7183948863636364 0.3730769230769231 0.017045454545454544 0.023076923076923078
0 0.9197443181818182 0.979326923076923 0.019886363636363636 0.026923076923076925
0 0.6466619318181818 0.17163461538461539 0.019886363636363636 0.021153846153846155
0 0.3220880681818182 0.4096153846153846 0.02130681818181818 0.028846153846153848
1 0.27379261363636365 0.6408653846153847 0.01775568181818182 0.019230769230769232
0 0.9825994318181818 0.8129807692307692 0.017045454545454544 0.02403846153846154
1 0.40625 0.7615384615384615 0.017045454545454544 0.025
0 0.5010653409090909 0.5682692307692307 0.01775568181818182 0.023076923076923078
0 0.15305397727272727 0.3038461538461538 0.0234375 0.035576923076923075
0 0.37535511363636365 0.36538461538461536 0.019176136363636364 0.025961538461538463
0 0.8096590909090909 0.7524038461538461 0.017045454545454544 0.025
0 0.9328835227272727 0.9615384615384616 0.019176136363636364 0.027884615384615386
0 0.8764204545454546 0.7764423076923077 0.019886363636363636 0.025961538461538463
0 0.9911221590909091 0.7658653846153847 0.017045454545454544 0.022115384615384617
1 0.3806818181818182 0.03942307692307692 0.026278409090909092 0.038461538461538464
0 0.7549715909090909 0.28028846153846154 0.01775568181818182 0.025961538461538463
0 0.2780539772727273 0.3110576923076923 0.019886363636363636 0.025961538461538463
0 0.01278409090909091 0.9038461538461539 0.018465909090909092 0.027884615384615386
0 0.6551846590909091 0.9673076923076923 0.017045454545454544 0.022115384615384617
0 0.009588068181818182 0.28365384615384615 0.018465909090909092 0.03076923076923077
1 0.16725852272727273 0.9298076923076923 0.019176136363636364 0.025
1 0.9591619318181818 0.4206730769230769 0.014914772727272728 0.022115384615384617
0 0.9847301136363636 0.7471153846153846 0.018465909090909092 0.023076923076923078
0 0.2666903409090909 0.20528846153846153 0.014914772727272728 0.021153846153846155
1 0.6803977272727273 0.8514423076923077 0.017045454545454544 0.022115384615384617
1 0.6033380681818182 0.43028846153846156 0.019886363636363636 0.025
0 0.23828125 0.8875 0.020596590909090908 0.026923076923076925
0 0.57421875 0.3298076923076923 0.01775568181818182 0.02403846153846154
0 0.9403409090909091 0.4129807692307692 0.022727272727272728 0.03076923076923077
1 0.6594460227272727 0.6697115384615384 0.015625 0.019230769230769232
0 0.20774147727272727 0.08173076923076923 0.02911931818181818 0.028846153846153848
0 0.23011363636363635 0.33990384615384617 0.016335227272727272 0.02403846153846154
0 0.08025568181818182 0.1778846153846154 0.01775568181818182 0.02403846153846154
0 0.29296875 0.22788461538461538 0.017045454545454544 0.02403846153846154
0 0.11967329545454546 0.8966346153846154 0.019886363636363636 0.025961538461538463
0 0.37748579545454547 0.2456730769230769 0.018465909090909092 0.021153846153846155
0 0.4325284090909091 0.36682692307692305 0.017045454545454544 0.021153846153846155
1 0.3330965909090909 0.3144230769230769 0.014914772727272728 0.01826923076923077
0 0.19105113636363635 0.046153846153846156 0.018465909090909092 0.023076923076923078
0 0.9868607954545454 0.14134615384615384 0.017045454545454544 0.023076923076923078
0 0.48970170454545453 0.7346153846153847 0.018465909090909092 0.023076923076923078
0 0.2762784090909091 0.4639423076923077 0.019886363636363636 0.025
1 0.007102272727272727 0.3735576923076923 0.014204545454545454 0.028846153846153848
0 0.38636363636363635 0.08557692307692308 0.02130681818181818 0.023076923076923078
0 0.11860795454545454 0.6451923076923077 0.018465909090909092 0.02403846153846154
0 0.18892045454545456 0.4846153846153846 0.016335227272727272 0.02403846153846154
0 0.23401988636363635 0.16442307692307692 0.019176136363636364 0.02403846153846154
1 0.19069602272727273 0.19615384615384615 0.014914772727272728 0.019230769230769232
0 0.11008522727272728 0.7711538461538462 0.01775568181818182 0.02403846153846154
0 0.3096590909090909 0.23509615384615384 0.01775568181818182 0.02403846153846154
0 0.6622869318181818 0.6990384615384615 0.017045454545454544 0.023076923076923078
1 0.9598721590909091 0.3975961538461538 0.01775568181818182 0.025
0 0.2372159090909091 0.37115384615384617 0.01775568181818182 0.02403846153846154
0 0.1551846590909091 0.9413461538461538 0.016335227272727272 0.023076923076923078
0 0.2990056818181818 0.2745192307692308 0.019176136363636364 0.025961538461538463
0 0.5749289772727273 0.09903846153846153 0.017045454545454544 0.022115384615384617
0 0.24857954545454544 0.40576923076923077 0.01775568181818182 0.025
1 0.11896306818181818 0.2668269230769231 0.016335227272727272 0.021153846153846155
0 0.34410511363636365 0.2831730769230769 0.01775568181818182 0.023076923076923078
0 0.6949573863636364 0.04230769230769231 0.019176136363636364 0.02403846153846154
0 0.5014204545454546 0.008173076923076924 0.019176136363636364 0.016346153846153847
1 0.2940340909090909 0.29759615384615384 0.01775568181818182 0.02403846153846154
1 0.7503551136363636 0.7307692307692307 0.01775568181818182 0.021153846153846155
0 0.013139204545454546 0.009134615384615385 0.017045454545454544 0.01826923076923077
0 0.8316761363636364 0.9596153846153846 0.017045454545454544 0.025961538461538463
0 0.6633522727272727 0.9802884615384615 0.018465909090909092 0.025
1 0.5745738636363636 0.3033653846153846 0.018465909090909092 0.025
1 0.8874289772727273 0.9855769230769231 0.01775568181818182 0.023076923076923078
1 0.3018465909090909 0.16634615384615384 0.022727272727272728 0.02980769230769231
0 0.9229403409090909 0.011538461538461539 0.020596590909090908 0.023076923076923078
1 0.26811079545454547 0.41971153846153847 0.016335227272727272 0.021153846153846155
1 0.9375 0.8788461538461538 0.017045454545454544 0.020192307692307693
1 0.5518465909090909 0.30528846153846156 0.01775568181818182 0.023076923076923078
0 0.5571732954545454 0.09903846153846153 0.028409090909090908 0.03653846153846154
0 0.42933238636363635 0.9817307692307692 0.016335227272727272 0.022115384615384617
0 0.4382102272727273 0.3033653846153846 0.024857954545454544 0.032692307692307694
1 0.9861505681818182 0.40721153846153846 0.0234375 0.026923076923076925
1 0.0234375 0.2644230769230769 0.020596590909090908 0.025
0 0.18572443181818182 0.23317307692307693 0.017045454545454544 0.023076923076923078
0 0.1786221590909091 0.03413461538461538 0.015625 0.020192307692307693
1 0.23473011363636365 0.14471153846153847 0.019176136363636364 0.023076923076923078
1 0.26171875 0.43365384615384617 0.013494318181818182 0.019230769230769232
1 0.09517045454545454 0.7629807692307692 0.018465909090909092 0.020192307692307693
0 0.9371448863636364 0.8971153846153846 0.01775568181818182 0.022115384615384617
0 0.19602272727272727 0.10288461538461538 0.01775568181818182 0.023076923076923078
0 0.022017045454545456 0.37403846153846154 0.019886363636363636 0.026923076923076925
1 0.4119318181818182 0.9682692307692308 0.017045454545454544 0.022115384615384617
0 0.8103693181818182 0.09471153846153846 0.018465909090909092 0.023076923076923078
1 0.5830965909090909 0.20576923076923076 0.019176136363636364 0.022115384615384617