1 0.7443181818181818 0.7615384615384615 0.02556818181818182 0.03365384615384615
1 0.5532670454545454 0.8625 0.022727272727272728 0.03076923076923077
1 0.4921875 0.9134615384615384 0.0234375 0.03076923076923077
1 0.3732244318181818 0.2552884615384615 0.024147727272727272 0.032692307692307694
1 0.1551846590909091 0.11778846153846154 0.026988636363636364 0.03461538461538462
1 0.4854403409090909 0.052403846153846155 0.026988636363636364 0.035576923076923075
1 0.05149147727272727 0.45721153846153845 0.0234375 0.032692307692307694
1 0.3366477272727273 0.40625 0.026278409090909092 0.032692307692307694
1 0.328125 0.11490384615384615 0.02556818181818182 0.03365384615384615
1 0.8458806818181818 0.3639423076923077 0.0234375 0.03076923076923077
1 0.8302556818181818 0.25240384615384615 0.0234375 0.03173076923076923
1 0.25745738636363635 0.21682692307692308 0.029829545454545456 0.04038461538461539
1 0.6711647727272727 0.3557692307692308 0.03125 0.041346153846153845
1 0.4080255681818182 0.28125 0.022727272727272728 0.02980769230769231
0 0.8572443181818182 0.9596153846153846 0.022727272727272728 0.027884615384615386
1 0.060014204545454544 0.3004807692307692 0.022017045454545456 0.02980769230769231
1 0.42578125 0.8759615384615385 0.026278409090909092 0.03461538461538462
1 0.06178977272727273 0.36923076923076925 0.024147727272727272 0.032692307692307694
1 0.18963068181818182 0.3658653846153846 0.024857954545454544 0.032692307692307694
1 0.65234375 0.6471153846153846 0.026278409090909092 0.0375
1 0.38636363636363635 0.54375 0.026988636363636364 0.035576923076923075
1 0.8096590909090909 0.03413461538461538 0.024147727272727272 0.03076923076923077
1 0.3313210227272727 0.6048076923076923 0.024147727272727272 0.03173076923076923
1 0.9747869318181818 0.027884615384615386 0.020596590909090908 0.026923076923076925
1 0.41370738636363635 0.9673076923076923 0.02556818181818182 0.03365384615384615
1 0.3583096590909091 0.125 0.019176136363636364 0.02403846153846154
1 0.36470170454545453 0.9701923076923077 0.024147727272727272 0.03173076923076923
1 0.8433948863636364 0.20096153846153847 0.020596590909090908 0.026923076923076925
1 0.8227982954545454 0.7004807692307692 0.022727272727272728 0.02980769230769231
0 0.6598011363636364 0.5557692307692308 0.020596590909090908 0.026923076923076925
1 0.9112215909090909 0.31490384615384615 0.022727272727272728 0.03173076923076923
1 0.8075284090909091 0.4889423076923077 0.0234375 0.03076923076923077
0 0.09659090909090909 0.2918269230769231 0.018465909090909092 0.023076923076923078
1 0.015980113636363636 0.2841346153846154 0.022017045454545456 0.02980769230769231
1 0.2531960227272727 0.6706730769230769 0.02556818181818182 0.032692307692307694
1 0.2805397727272727 0.021153846153846155 0.02130681818181818 0.028846153846153848
1 0.2528409090909091 0.7067307692307693 0.033380681818181816 0.041346153846153845
1 0.078125 0.3543269230769231 0.0234375 0.03076923076923077
1 0.7816051136363636 0.5370192307692307 0.020596590909090908 0.025961538461538463
1 0.3678977272727273 0.5230769230769231 0.022727272727272728 0.02980769230769231
1 0.7049005681818182 0.325 0.020596590909090908 0.027884615384615386
1 0.0625 0.6427884615384616 0.026988636363636364 0.038461538461538464
1 0.1786221590909091 0.5076923076923077 0.024147727272727272 0.03173076923076923
1 0.4140625 0.6384615384615384 0.0234375 0.03076923076923077
1 0.7894176136363636 0.2831730769230769 0.024147727272727272 0.03173076923076923
1 0.24076704545454544 0.5024038461538461 0.022017045454545456 0.028846153846153848
0 0.88671875 0.040865384615384616 0.018465909090909092 0.02403846153846154
1 0.6928267045454546 0.9576923076923077 0.022727272727272728 0.02980769230769231
1 0.8895596590909091 0.5216346153846154 0.018465909090909092 0.023076923076923078
1 0.9375 0.5057692307692307 0.026988636363636364 0.03461538461538462
1 0.9808238636363636 0.83125 0.022727272727272728 0.03076923076923077
1 0.07848011363636363 0.8096153846153846 0.026278409090909092 0.035576923076923075
0 0.296875 0.10048076923076923 0.019886363636363636 0.025961538461538463
1 0.38707386363636365 0.41971153846153847 0.022727272727272728 0.028846153846153848
1 0.4016335227272727 0.06971153846153846 0.018465909090909092 0.025961538461538463
1 0.5514914772727273 0.40192307692307694 0.027698863636363636 0.0375
1 0.11115056818181818 0.8120192307692308 0.027698863636363636 0.03365384615384615
0 0.7950994318181818 0.19951923076923078 0.019176136363636364 0.025
1 0.5539772727272727 0.9346153846153846 0.019886363636363636 0.025961538461538463
1 0.19673295454545456 0.5774038461538461 0.022727272727272728 0.03076923076923077
1 0.3739346590909091 0.5759615384615384 0.022017045454545456 0.028846153846153848
1 0.24680397727272727 0.5778846153846153 0.0234375 0.03076923076923077
1 0.10973011363636363 0.7826923076923077 0.024147727272727272 0.028846153846153848
1 0.3309659090909091 0.5610576923076923 0.0234375 0.027884615384615386
1 0.6747159090909091 0.48365384615384616 0.019886363636363636 0.025961538461538463
1 0.7020596590909091 0.41394230769230766 0.019176136363636364 0.025
1 0.6967329545454546 0.1701923076923077 0.01775568181818182 0.023076923076923078
1 0.9225852272727273 0.48028846153846155 0.022017045454545456 0.027884615384615386
1 0.4694602272727273 0.12163461538461538 0.024147727272727272 0.03076923076923077
1 0.09872159090909091 0.88125 0.024147727272727272 0.03076923076923077
0 0.8948863636363636 0.16682692307692307 0.019176136363636364 0.028846153846153848
1 0.9559659090909091 0.11298076923076923 0.022727272727272728 0.028846153846153848
1 0.6040482954545454 0.30240384615384613 0.026988636363636364 0.03461538461538462
1 0.5482954545454546 0.7408653846153846 0.017045454545454544 0.02403846153846154
1 0.6985085227272727 0.2865384615384615 0.019176136363636364 0.025
1 0.09019886363636363 0.8572115384615384 0.02556818181818182 0.032692307692307694
1 0.328125 0.49278846153846156 0.026278409090909092 0.035576923076923075
1 0.09126420454545454 0.6197115384615385 0.02130681818181818 0.028846153846153848
1 0.45951704545454547 0.46923076923076923 0.015625 0.020192307692307693
1 0.18394886363636365 0.1201923076923077 0.0234375 0.03076923076923077
1 0.9296875 0.7442307692307693 0.03125 0.0375
1 0.21626420454545456 0.27307692307692305 0.02130681818181818 0.027884615384615386
1 0.87890625 0.425 0.018465909090909092 0.021153846153846155
0 0.2766335227272727 0.08028846153846154 0.024857954545454544 0.03076923076923077
0 0.1846590909090909 0.8894230769230769 0.019886363636363636 0.026923076923076925
1 0.4765625 0.17403846153846153 0.0234375 0.03461538461538462
1 0.7563920454545454 0.46105769230769234 0.02911931818181818 0.038461538461538464
1 0.20845170454545456 0.9317307692307693 0.022017045454545456 0.028846153846153848
1 0.052201704545454544 0.9509615384615384 0.029829545454545456 0.035576923076923075
1 0.8359375 0.019230769230769232 0.0234375 0.03173076923076923
1 0.29936079545454547 0.011057692307692308 0.02130681818181818 0.022115384615384617
1 0.21555397727272727 0.38509615384615387 0.027698863636363636 0.03653846153846154
0 0.16761363636363635 0.4423076923076923 0.019886363636363636 0.023076923076923078
1 0.01171875 0.9586538461538462 0.0234375 0.04038461538461539
1 0.9705255681818182 0.26153846153846155 0.019886363636363636 0.025
1 0.6473721590909091 0.6899038461538461 0.018465909090909092 0.02403846153846154
1 0.7144886363636364 0.1451923076923077 0.0234375 0.03461538461538462
1 0.9499289772727273 0.5288461538461539 0.022727272727272728 0.027884615384615386
1 0.4367897727272727 0.6600961538461538 0.019176136363636364 0.027884615384615386
1 0.234375 0.057692307692307696 0.028409090909090908 0.0375
1 0.5440340909090909 0.53125 0.024857954545454544 0.03365384615384615
0 0.19992897727272727 0.035576923076923075 0.020596590909090908 0.02403846153846154
1 0.15660511363636365 0.7740384615384616 0.020596590909090908 0.028846153846153848
1 0.03586647727272727 0.9692307692307692 0.019886363636363636 0.025961538461538463
1 0.7674005681818182 0.07115384615384615 0.018465909090909092 0.02403846153846154
1 0.87890625 0.12211538461538461 0.017045454545454544 0.020192307692307693
1 0.15838068181818182 0.22788461538461538 0.016335227272727272 0.021153846153846155
1 0.26704545454545453 0.04951923076923077 0.020596590909090908 0.026923076923076925
1 0.37464488636363635 0.22163461538461537 0.018465909090909092 0.023076923076923078
1 0.31498579545454547 0.8586538461538461 0.018465909090909092 0.026923076923076925
1 0.4900568181818182 0.36682692307692305 0.022017045454545456 0.02980769230769231
0 0.5731534090909091 0.6399038461538461 0.018465909090909092 0.02403846153846154
1 0.4541903409090909 0.8336538461538462 0.016335227272727272 0.025
1 0.7404119318181818 0.27692307692307694 0.01775568181818182 0.023076923076923078
1 0.6672585227272727 0.2423076923076923 0.02556818181818182 0.02980769230769231
1 0.5696022727272727 0.10625 0.018465909090909092 0.02403846153846154
1 0.9176136363636364 0.05144230769230769 0.02130681818181818 0.027884615384615386
1 0.8948863636363636 0.10480769230769231 0.016335227272727272 0.020192307692307693
1 0.8572443181818182 0.8274038461538461 0.019886363636363636 0.028846153846153848
1 0.4744318181818182 0.6951923076923077 0.022017045454545456 0.028846153846153848
1 0.7002840909090909 0.44326923076923075 0.02130681818181818 0.028846153846153848
0 0.21342329545454544 0.64375 0.022017045454545456 0.02403846153846154
1 0.8306107954545454 0.1831730769230769 0.019886363636363636 0.028846153846153848
0 0.7563920454545454 0.19038461538461537 0.018465909090909092 0.025961538461538463
1 0.9925426136363636 0.9509615384615384 0.014914772727272728 0.028846153846153848
0 0.8810369318181818 0.10240384615384615 0.017045454545454544 0.022115384615384617
1 0.6466619318181818 0.11442307692307692 0.01775568181818182 0.02403846153846154
1 0.21022727272727273 0.698076923076923 0.019176136363636364 0.023076923076923078
1 0.39701704545454547 0.59375 0.019886363636363636 0.025961538461538463
0 0.3458806818181818 0.055288461538461536 0.020596590909090908 0.027884615384615386
1 0.9005681818181818 0.36730769230769234 0.019886363636363636 0.02403846153846154
1 0.84375 0.8091346153846154 0.017045454545454544 0.02403846153846154
1 0.5639204545454546 0.3235576923076923 0.022017045454545456 0.02980769230769231
1 0.8732244318181818 0.8168269230769231 0.019176136363636364 0.026923076923076925
1 0.7727272727272727 0.14615384615384616 0.018465909090909092 0.025
1 0.06853693181818182 0.24375 0.019176136363636364 0.023076923076923078
0 0.6122159090909091 0.6216346153846154 0.019886363636363636 0.025
1 0.6313920454545454 0.9384615384615385 0.019176136363636364 0.026923076923076925
1 0.03941761363636364 0.36490384615384613 0.01775568181818182 0.022115384615384617
0 0.8959517045454546 0.08701923076923077 0.017045454545454544 0.02403846153846154
1 0.4676846590909091 0.7158653846153846 0.017045454545454544 0.021153846153846155
0 0.9875710227272727 0.4913461538461538 0.0234375 0.027884615384615386
1 0.37642045454545453 0.07163461538461538 0.019886363636363636 0.02403846153846154
0 0.3224431818181818 0.2048076923076923 0.018465909090909092 0.02403846153846154
1 0.7290482954545454 0.8360576923076923 0.019886363636363636 0.025961538461538463
1 0.16583806818181818 0.6509615384615385 0.024147727272727272 0.03173076923076923
0 0.9357244318181818 0.6644230769230769 0.018465909090909092 0.02403846153846154
0 0.18963068181818182 0.2658653846153846 0.018465909090909092 0.026923076923076925
0 0.1328125 0.7947115384615384 0.020596590909090908 0.026923076923076925
1 0.8174715909090909 0.010576923076923078 0.018465909090909092 0.021153846153846155
1 0.7752130681818182 0.20961538461538462 0.019886363636363636 0.025961538461538463
0 0.7801846590909091 0.4846153846153846 0.020596590909090908 0.02980769230769231
0 0.8018465909090909 0.8658653846153846 0.019886363636363636 0.02403846153846154
0 0.1963778409090909 0.4115384615384615 0.017045454545454544 0.023076923076923078
1 0.8948863636363636 0.8764423076923077 0.022017045454545456 0.027884615384615386
0 0.9765625 0.8850961538461538 0.018465909090909092 0.02403846153846154
0 0.45276988636363635 0.9524038461538461 0.018465909090909092 0.028846153846153848
0 0.29829545454545453 0.4009615384615385 0.02130681818181818 0.032692307692307694
0 0.9019886363636364 0.7572115384615384 0.018465909090909092 0.021153846153846155
0 0.76171875 0.007211538461538462 0.022017045454545456 0.014423076923076924
1 0.3874289772727273 0.8889423076923076 0.01775568181818182 0.02403846153846154
1 0.46519886363636365 0.7350961538461539 0.018465909090909092 0.02403846153846154
1 0.37109375 0.3923076923076923 0.022727272727272728 0.026923076923076925
1 0.8597301136363636 0.18365384615384617 0.019176136363636364 0.025
0 0.921875 0.08221153846153846 0.019176136363636364 0.025
0 0.2333096590909091 0.02980769230769231 0.022727272727272728 0.025961538461538463
0 0.9776278409090909 0.614423076923077 0.017045454545454544 0.02403846153846154
1 0.109375 0.49230769230769234 0.020596590909090908 0.02980769230769231
1 0.8068181818181818 0.9129807692307692 0.022727272727272728 0.02980769230769231
1 0.9353693181818182 0.8293269230769231 0.019886363636363636 0.027884615384615386
1 0.6843039772727273 0.9365384615384615 0.019886363636363636 0.025961538461538463
0 0.5901988636363636 0.2326923076923077 0.018465909090909092 0.026923076923076925
0 0.6505681818181818 0.43509615384615385 0.019886363636363636 0.028846153846153848
0 0.9520596590909091 0.8245192307692307 0.017045454545454544 0.023076923076923078
0 0.8682528409090909 0.14711538461538462 0.017045454545454544 0.022115384615384617
0 0.024502840909090908 0.38221153846153844 0.024147727272727272 0.03173076923076923
1 0.546875 0.49951923076923077 0.01775568181818182 0.022115384615384617
1 0.6104403409090909 0.27692307692307694 0.02130681818181818 0.026923076923076925
0 0.05539772727272727 0.5572115384615385 0.019176136363636364 0.025
1 0.048650568181818184 0.9201923076923076 0.022017045454545456 0.027884615384615386
0 0.8497869318181818 0.09519230769230769 0.02130681818181818 0.025961538461538463
0 0.06178977272727273 0.9817307692307692 0.019886363636363636 0.025
1 0.2940340909090909 0.43798076923076923 0.020596590909090908 0.028846153846153848
0 0.38707386363636365 0.20625 0.01775568181818182 0.025
0 0.9339488636363636 0.05961538461538462 0.01775568181818182 0.023076923076923078
1 0.3845880681818182 0.71875 0.0234375 0.028846153846153848
1 0.8654119318181818 0.16490384615384615 0.018465909090909092 0.023076923076923078
1 0.4229403409090909 0.5961538461538461 0.01775568181818182 0.025
0 0.4666193181818182 0.9346153846153846 0.020596590909090908 0.02980769230769231
0 0.30078125 0.8557692307692307 0.016335227272727272 0.027884615384615386
0 0.4549005681818182 0.3072115384615385 0.024857954545454544 0.028846153846153848
0 0.8881392045454546 0.8557692307692307 0.018465909090909092 0.02403846153846154
1 0.9577414772727273 0.7144230769230769 0.019176136363636364 0.023076923076923078
0 0.8487215909090909 0.4860576923076923 0.018465909090909092 0.025
1 0.9925426136363636 0.53125 0.014914772727272728 0.025
0 0.8497869318181818 0.03076923076923077 0.016335227272727272 0.023076923076923078
0 0.76171875 0.5634615384615385 0.019176136363636364 0.025961538461538463
1 0.6768465909090909 0.8475961538461538 0.019886363636363636 0.025
1 0.15482954545454544 0.4091346153846154 0.019886363636363636 0.02403846153846154
0 0.9772727272727273 0.3817307692307692 0.019886363636363636 0.025
1 0.5106534090909091 0.4394230769230769 0.019886363636363636 0.025961538461538463
1 0.57421875 0.20817307692307693 0.022017045454545456 0.03173076923076923
1 0.8551136363636364 0.6 0.017045454545454544 0.023076923076923078
1 0.3096590909090909 0.49038461538461536 0.017045454545454544 0.02403846153846154
1 0.31640625 0.9524038461538461 0.019886363636363636 0.027884615384615386
1 0.39204545454545453 0.22451923076923078 0.019886363636363636 0.025961538461538463
0 0.8579545454545454 0.7985576923076924 0.019176136363636364 0.025
0 0.9403409090909091 0.7086538461538462 0.019886363636363636 0.025961538461538463
1 0.8590198863636364 0.8480769230769231 0.016335227272727272 0.021153846153846155
0 0.6615767045454546 0.04326923076923077 0.018465909090909092 0.025961538461538463
1 0.19211647727272727 0.7721153846153846 0.02130681818181818 0.026923076923076925
0 0.8682528409090909 0.8841346153846154 0.018465909090909092 0.023076923076923078
1 0.6903409090909091 0.7365384615384616 0.017045454545454544 0.023076923076923078
1 0.01775568181818182 0.9221153846153847 0.022017045454545456 0.02980769230769231
1 0.7514204545454546 0.32019230769230766 0.01775568181818182 0.025
1 0.3991477272727273 0.7365384615384616 0.01775568181818182 0.025
0 0.8941761363636364 0.3471153846153846 0.020596590909090908 0.027884615384615386
0 0.3213778409090909 0.18365384615384617 0.020596590909090908 0.025961538461538463
1 0.8462357954545454 0.17884615384615385 0.016335227272727272 0.023076923076923078
0 0.12286931818181818 0.30240384615384613 0.020596590909090908 0.026923076923076925
0 0.8448153409090909 0.44182692307692306 0.020596590909090908 0.025
0 0.6413352272727273 0.9158653846153846 0.0234375 0.023076923076923078
0 0.22301136363636365 0.36153846153846153 0.018465909090909092 0.023076923076923078
1 0.09517045454545454 0.5475961538461539 0.020596590909090908 0.026923076923076925
1 0.5387073863636364 0.21923076923076923 0.020596590909090908 0.02980769230769231
1 0.06498579545454546 0.09615384615384616 0.02130681818181818 0.028846153846153848
0 0.7631392045454546 0.3298076923076923 0.019176136363636364 0.025961538461538463
1 0.09019886363636363 0.4807692307692308 0.0234375 0.03365384615384615
1 0.7450284090909091 0.5889423076923077 0.020596590909090908 0.026923076923076925
1 0.2883522727272727 0.31875 0.019176136363636364 0.025
0 0.8146306818181818 0.2125 0.019886363636363636 0.025961538461538463
1 0.47265625 0.3384615384615385 0.020596590909090908 0.027884615384615386
1 0.9225852272727273 0.1076923076923077 0.0234375 0.03173076923076923
0 0.9140625 0.025961538461538463 0.018465909090909092 0.025
1 0.71875 0.7115384615384616 0.019886363636363636 0.025961538461538463
0 0.45170454545454547 0.0625 0.017045454545454544 0.022115384615384617
0 0.5163352272727273 0.29134615384615387 0.01775568181818182 0.023076923076923078
1 0.2869318181818182 0.18461538461538463 0.01775568181818182 0.022115384615384617
0 0.056463068181818184 0.5783653846153847 0.019886363636363636 0.025
1 0.5933948863636364 0.075 0.020596590909090908 0.03173076923076923
1 0.8718039772727273 0.8600961538461539 0.01775568181818182 0.025
1 0.8409090909090909 0.7802884615384615 0.022727272727272728 0.03076923076923077
1 0.5028409090909091 0.017788461538461538 0.020596590909090908 0.027884615384615386
1 0.6821732954545454 0.4596153846153846 0.019886363636363636 0.025961538461538463
0 0.8778409090909091 0.19759615384615384 0.019176136363636364 0.026923076923076925
1 0.9545454545454546 0.1528846153846154 0.024147727272727272 0.032692307692307694
1 0.07670454545454546 0.5735576923076923 0.018465909090909092 0.025
1 0.3690980113636364 0.36822115384615384 0.022919034090909094 0.03376923076923077
1 0.30884232954545454 0.472375 0.022017045454545456 0.025471153846153845
1 0.4395241477272727 0.16856730769230768 0.025745738636363636 0.030336538461538463
1 0.5107315340909091 0.5175673076923076 0.02094460227272727 0.033701923076923074
0 0.8354900568181818 0.898451923076923 0.018998579545454544 0.033596153846153845